>TTTAGATATA	1-TTTAGATATA	10.146512	-11.645812	0	T:51.0(8.49%),B:24.2(3.08%),P:1e-5	Tpos:132.0,Tstd:68.9,Bpos:131.6,Bstd:85.7,StrandBias:0.4,Multiplicity:1.10
0.001	0.058	0.058	0.883
0.346	0.001	0.015	0.638
0.001	0.001	0.001	0.997
0.690	0.015	0.001	0.294
0.003	0.051	0.945	0.001
0.883	0.058	0.058	0.001
0.033	0.001	0.058	0.908
0.790	0.001	0.001	0.208
0.002	0.058	0.015	0.925
0.789	0.001	0.001	0.209
>TTGTAAGTTC	2-TTGTAAGTTC	10.976424	-9.007741	0	T:19.0(3.16%),B:5.0(0.63%),P:1e-3	Tpos:107.1,Tstd:65.0,Bpos:132.4,Bstd:54.9,StrandBias:-0.2,Multiplicity:1.00
0.001	0.001	0.001	0.997
0.001	0.001	0.001	0.997
0.154	0.001	0.774	0.071
0.001	0.001	0.001	0.997
0.997	0.001	0.001	0.001
0.997	0.001	0.001	0.001
0.309	0.154	0.536	0.001
0.001	0.001	0.001	0.997
0.001	0.001	0.001	0.997
0.308	0.690	0.001	0.001
>ATACATGAGA	3-ATACATGAGA	9.846473	-8.250466	0	T:21.0(3.49%),B:7.0(0.89%),P:1e-3	Tpos:116.8,Tstd:57.5,Bpos:141.4,Bstd:49.1,StrandBias:1.0,Multiplicity:1.00
0.910	0.001	0.001	0.088
0.001	0.001	0.001	0.997
0.910	0.001	0.001	0.088
0.282	0.614	0.001	0.103
0.738	0.001	0.041	0.220
0.001	0.001	0.088	0.910
0.153	0.089	0.627	0.131
0.997	0.001	0.001	0.001
0.192	0.001	0.580	0.227
0.812	0.001	0.089	0.098
>TTATCTCTAG	4-TTATCTCTAG	10.802849	-8.250466	0	T:21.0(3.49%),B:6.6(0.85%),P:1e-3	Tpos:80.0,Tstd:58.4,Bpos:60.7,Bstd:40.3,StrandBias:1.7,Multiplicity:1.00
0.126	0.001	0.001	0.872
0.126	0.001	0.001	0.872
0.997	0.001	0.001	0.001
0.001	0.001	0.001	0.997
0.001	0.745	0.001	0.253
0.001	0.001	0.001	0.997
0.001	0.773	0.001	0.225
0.126	0.001	0.001	0.872
0.997	0.001	0.001	0.001
0.138	0.001	0.860	0.001
>TTTATTGGTG	5-TTTATTGGTG	9.743611	-7.945522	0	T:30.0(4.99%),B:13.5(1.72%),P:1e-3	Tpos:91.3,Tstd:60.1,Bpos:116.4,Bstd:58.9,StrandBias:0.4,Multiplicity:1.00
0.220	0.001	0.001	0.778
0.103	0.001	0.051	0.845
0.102	0.001	0.001	0.896
0.897	0.051	0.051	0.001
0.051	0.001	0.024	0.924
0.107	0.001	0.001	0.891
0.256	0.051	0.523	0.170
0.214	0.001	0.537	0.248
0.144	0.001	0.001	0.854
0.001	0.074	0.924	0.001
