>TTTTCTAAAATT	1-TTTTCTAAAATT	11.291053	-12.864920	0	T:107.0(17.80%),B:73.4(9.35%),P:1e-5	Tpos:29.1,Tstd:40.6,Bpos:34.6,Bstd:57.3,StrandBias:0.9,Multiplicity:1.00
0.107	0.001	0.001	0.891
0.001	0.001	0.001	0.997
0.001	0.001	0.001	0.997
0.001	0.001	0.001	0.997
0.001	0.933	0.045	0.021
0.045	0.001	0.045	0.909
0.997	0.001	0.001	0.001
0.943	0.001	0.001	0.055
0.954	0.001	0.001	0.044
0.796	0.049	0.154	0.001
0.153	0.001	0.001	0.845
0.088	0.001	0.001	0.910
>TTTTTAGATATA	2-TTTTTAGATATA	11.187137	-11.645812	0	T:51.0(8.49%),B:24.5(3.12%),P:1e-5	Tpos:80.2,Tstd:66.2,Bpos:89.9,Bstd:75.5,StrandBias:0.8,Multiplicity:1.04
0.176	0.001	0.086	0.737
0.223	0.001	0.171	0.605
0.085	0.001	0.001	0.913
0.199	0.001	0.086	0.714
0.001	0.001	0.001	0.997
0.725	0.001	0.086	0.188
0.067	0.040	0.892	0.001
0.913	0.001	0.001	0.085
0.101	0.001	0.258	0.640
0.997	0.001	0.001	0.001
0.086	0.001	0.086	0.827
0.827	0.001	0.001	0.171
>ATCATATAATAA	3-ATCATATAATAA	13.307346	-9.530872	0	T:18.0(3.00%),B:3.1(0.40%),P:1e-4	Tpos:145.9,Tstd:64.1,Bpos:144.4,Bstd:60.7,StrandBias:-1.0,Multiplicity:1.00
0.721	0.001	0.001	0.277
0.001	0.091	0.001	0.907
0.001	0.831	0.001	0.167
0.997	0.001	0.001	0.001
0.001	0.001	0.001	0.997
0.907	0.001	0.001	0.091
0.001	0.001	0.001	0.997
0.907	0.091	0.001	0.001
0.997	0.001	0.001	0.001
0.001	0.184	0.001	0.814
0.997	0.001	0.001	0.001
0.997	0.001	0.001	0.001
>GTAGTTAAAATT	4-GTAGTTAAAATT	12.226513	-6.576392	0	T:12.0(2.00%),B:2.2(0.28%),P:1e-2	Tpos:132.8,Tstd:61.2,Bpos:178.4,Bstd:24.0,StrandBias:0.2,Multiplicity:1.08
0.001	0.001	0.835	0.163
0.108	0.001	0.001	0.890
0.848	0.042	0.109	0.001
0.249	0.001	0.749	0.001
0.108	0.001	0.001	0.890
0.217	0.109	0.001	0.673
0.848	0.001	0.001	0.150
0.890	0.001	0.001	0.108
0.997	0.001	0.001	0.001
0.869	0.001	0.001	0.129
0.238	0.217	0.001	0.544
0.001	0.001	0.001	0.997
>TTATATACATGA	5-TTATATACATGA	13.578771	-5.876959	0	T:11.0(1.83%),B:2.9(0.37%),P:1e-2	Tpos:96.7,Tstd:40.7,Bpos:134.5,Bstd:28.2,StrandBias:0.3,Multiplicity:1.00
0.001	0.001	0.001	0.997
0.117	0.001	0.001	0.881
0.997	0.001	0.001	0.001
0.001	0.001	0.001	0.997
0.997	0.001	0.001	0.001
0.001	0.001	0.001	0.997
0.997	0.001	0.001	0.001
0.001	0.744	0.001	0.254
0.997	0.001	0.001	0.001
0.254	0.001	0.001	0.744
0.254	0.001	0.744	0.001
0.997	0.001	0.001	0.001
