>TTTAGATATA	1-TTTAGATATA	10.146512	-11.645812	0	T:51.0(8.49%),B:24.2(3.08%),P:1e-5	Tpos:132.0,Tstd:68.9,Bpos:131.6,Bstd:85.7,StrandBias:0.4,Multiplicity:1.10
0.001	0.058	0.058	0.883
0.346	0.001	0.015	0.638
0.001	0.001	0.001	0.997
0.690	0.015	0.001	0.294
0.003	0.051	0.945	0.001
0.883	0.058	0.058	0.001
0.033	0.001	0.058	0.908
0.790	0.001	0.001	0.208
0.002	0.058	0.015	0.925
0.789	0.001	0.001	0.209
>TTGTAAGTTC	2-TTGTAAGTTC	10.976424	-9.007741	0	T:19.0(3.16%),B:5.0(0.63%),P:1e-3	Tpos:107.1,Tstd:65.0,Bpos:132.4,Bstd:54.9,StrandBias:-0.2,Multiplicity:1.00
0.001	0.001	0.001	0.997
0.001	0.001	0.001	0.997
0.154	0.001	0.774	0.071
0.001	0.001	0.001	0.997
0.997	0.001	0.001	0.001
0.997	0.001	0.001	0.001
0.309	0.154	0.536	0.001
0.001	0.001	0.001	0.997
0.001	0.001	0.001	0.997
0.308	0.690	0.001	0.001
>ATACATGAGA	3-ATACATGAGA	9.846473	-8.250466	0	T:21.0(3.49%),B:7.0(0.89%),P:1e-3	Tpos:116.8,Tstd:57.5,Bpos:141.4,Bstd:49.1,StrandBias:1.0,Multiplicity:1.00
0.910	0.001	0.001	0.088
0.001	0.001	0.001	0.997
0.910	0.001	0.001	0.088
0.282	0.614	0.001	0.103
0.738	0.001	0.041	0.220
0.001	0.001	0.088	0.910
0.153	0.089	0.627	0.131
0.997	0.001	0.001	0.001
0.192	0.001	0.580	0.227
0.812	0.001	0.089	0.098
>TTATCTCTAG	4-TTATCTCTAG	10.802849	-8.250466	0	T:21.0(3.49%),B:6.6(0.85%),P:1e-3	Tpos:80.0,Tstd:58.4,Bpos:60.7,Bstd:40.3,StrandBias:1.7,Multiplicity:1.00
0.126	0.001	0.001	0.872
0.126	0.001	0.001	0.872
0.997	0.001	0.001	0.001
0.001	0.001	0.001	0.997
0.001	0.745	0.001	0.253
0.001	0.001	0.001	0.997
0.001	0.773	0.001	0.225
0.126	0.001	0.001	0.872
0.997	0.001	0.001	0.001
0.138	0.001	0.860	0.001
>TTTATTGGTG	5-TTTATTGGTG	9.743611	-7.945522	0	T:30.0(4.99%),B:13.5(1.72%),P:1e-3	Tpos:91.3,Tstd:60.1,Bpos:116.4,Bstd:58.9,StrandBias:0.4,Multiplicity:1.00
0.220	0.001	0.001	0.778
0.103	0.001	0.051	0.845
0.102	0.001	0.001	0.896
0.897	0.051	0.051	0.001
0.051	0.001	0.024	0.924
0.107	0.001	0.001	0.891
0.256	0.051	0.523	0.170
0.214	0.001	0.537	0.248
0.144	0.001	0.001	0.854
0.001	0.074	0.924	0.001
>TTTTCTAAAATT	1-TTTTCTAAAATT	11.291053	-12.864920	0	T:107.0(17.80%),B:73.4(9.35%),P:1e-5	Tpos:29.1,Tstd:40.6,Bpos:34.6,Bstd:57.3,StrandBias:0.9,Multiplicity:1.00
0.107	0.001	0.001	0.891
0.001	0.001	0.001	0.997
0.001	0.001	0.001	0.997
0.001	0.001	0.001	0.997
0.001	0.933	0.045	0.021
0.045	0.001	0.045	0.909
0.997	0.001	0.001	0.001
0.943	0.001	0.001	0.055
0.954	0.001	0.001	0.044
0.796	0.049	0.154	0.001
0.153	0.001	0.001	0.845
0.088	0.001	0.001	0.910
>TTTTTAGATATA	2-TTTTTAGATATA	11.187137	-11.645812	0	T:51.0(8.49%),B:24.5(3.12%),P:1e-5	Tpos:80.2,Tstd:66.2,Bpos:89.9,Bstd:75.5,StrandBias:0.8,Multiplicity:1.04
0.176	0.001	0.086	0.737
0.223	0.001	0.171	0.605
0.085	0.001	0.001	0.913
0.199	0.001	0.086	0.714
0.001	0.001	0.001	0.997
0.725	0.001	0.086	0.188
0.067	0.040	0.892	0.001
0.913	0.001	0.001	0.085
0.101	0.001	0.258	0.640
0.997	0.001	0.001	0.001
0.086	0.001	0.086	0.827
0.827	0.001	0.001	0.171
>ATCATATAATAA	3-ATCATATAATAA	13.307346	-9.530872	0	T:18.0(3.00%),B:3.1(0.40%),P:1e-4	Tpos:145.9,Tstd:64.1,Bpos:144.4,Bstd:60.7,StrandBias:-1.0,Multiplicity:1.00
0.721	0.001	0.001	0.277
0.001	0.091	0.001	0.907
0.001	0.831	0.001	0.167
0.997	0.001	0.001	0.001
0.001	0.001	0.001	0.997
0.907	0.001	0.001	0.091
0.001	0.001	0.001	0.997
0.907	0.091	0.001	0.001
0.997	0.001	0.001	0.001
0.001	0.184	0.001	0.814
0.997	0.001	0.001	0.001
0.997	0.001	0.001	0.001
>GTAGTTAAAATT	4-GTAGTTAAAATT	12.226513	-6.576392	0	T:12.0(2.00%),B:2.2(0.28%),P:1e-2	Tpos:132.8,Tstd:61.2,Bpos:178.4,Bstd:24.0,StrandBias:0.2,Multiplicity:1.08
0.001	0.001	0.835	0.163
0.108	0.001	0.001	0.890
0.848	0.042	0.109	0.001
0.249	0.001	0.749	0.001
0.108	0.001	0.001	0.890
0.217	0.109	0.001	0.673
0.848	0.001	0.001	0.150
0.890	0.001	0.001	0.108
0.997	0.001	0.001	0.001
0.869	0.001	0.001	0.129
0.238	0.217	0.001	0.544
0.001	0.001	0.001	0.997
>TTATATACATGA	5-TTATATACATGA	13.578771	-5.876959	0	T:11.0(1.83%),B:2.9(0.37%),P:1e-2	Tpos:96.7,Tstd:40.7,Bpos:134.5,Bstd:28.2,StrandBias:0.3,Multiplicity:1.00
0.001	0.001	0.001	0.997
0.117	0.001	0.001	0.881
0.997	0.001	0.001	0.001
0.001	0.001	0.001	0.997
0.997	0.001	0.001	0.001
0.001	0.001	0.001	0.997
0.997	0.001	0.001	0.001
0.001	0.744	0.001	0.254
0.997	0.001	0.001	0.001
0.254	0.001	0.001	0.744
0.254	0.001	0.744	0.001
0.997	0.001	0.001	0.001
>TCTAAAAC	1-TCTAAAAC	7.335006	-9.296549	0	T:169.0(28.12%),B:152.0(19.38%),P:1e-4	Tpos:53.5,Tstd:63.6,Bpos:61.9,Bstd:72.6,StrandBias:-0.0,Multiplicity:1.08
0.104	0.043	0.001	0.852
0.001	0.926	0.072	0.001
0.042	0.101	0.027	0.830
0.864	0.041	0.033	0.062
0.834	0.141	0.024	0.001
0.710	0.041	0.142	0.107
0.792	0.016	0.107	0.085
0.277	0.585	0.002	0.136
>GTAAATTG	2-GTAAATTG	7.151160	-6.660674	0	T:95.0(15.81%),B:80.1(10.22%),P:1e-2	Tpos:124.1,Tstd:70.5,Bpos:141.7,Bstd:72.2,StrandBias:0.1,Multiplicity:1.19
0.280	0.010	0.558	0.152
0.117	0.001	0.286	0.596
0.841	0.001	0.157	0.001
0.791	0.001	0.159	0.049
0.938	0.001	0.060	0.001
0.001	0.001	0.001	0.997
0.001	0.001	0.116	0.882
0.001	0.187	0.811	0.001
>ATCTGTTA	3-ATCTGTTA	7.998287	-5.828576	0	T:28.0(4.66%),B:15.8(2.01%),P:1e-2	Tpos:116.1,Tstd:58.7,Bpos:130.5,Bstd:49.4,StrandBias:0.9,Multiplicity:1.04
0.755	0.001	0.243	0.001
0.001	0.001	0.001	0.997
0.001	0.987	0.001	0.011
0.215	0.001	0.001	0.783
0.001	0.001	0.961	0.037
0.268	0.001	0.178	0.553
0.001	0.001	0.216	0.782
0.680	0.091	0.172	0.057
>TAGTTTCC	4-TAGTTTCC	7.574320	-5.438351	0	T:55.0(9.15%),B:42.5(5.41%),P:1e-2	Tpos:119.1,Tstd:67.2,Bpos:126.8,Bstd:69.0,StrandBias:-0.2,Multiplicity:1.15
0.001	0.001	0.001	0.997
0.923	0.001	0.001	0.075
0.001	0.083	0.780	0.136
0.001	0.001	0.001	0.997
0.137	0.001	0.001	0.861
0.001	0.001	0.001	0.997
0.001	0.923	0.075	0.001
0.107	0.645	0.001	0.247
>ATATGGCT	5-ATATGGCT	6.291044	-5.094233	0	T:37.0(6.16%),B:25.3(3.23%),P:1e-2	Tpos:112.9,Tstd:60.0,Bpos:128.1,Bstd:63.7,StrandBias:-0.4,Multiplicity:1.05
0.700	0.100	0.100	0.100
0.100	0.100	0.100	0.700
0.700	0.100	0.100	0.100
0.100	0.100	0.100	0.700
0.100	0.100	0.700	0.100
0.100	0.100	0.700	0.100
0.100	0.700	0.100	0.100
0.100	0.100	0.100	0.700
