>AAATTTAGAA	1-AAATTTAGAA	10.499587	-51.133148	0	T:220.0(36.61%),B:50.6(11.03%),P:1e-22	Tpos:55.3,Tstd:64.8,Bpos:90.0,Bstd:82.6,StrandBias:0.3,Multiplicity:1.14
0.997	0.001	0.001	0.001
0.994	0.001	0.004	0.001
0.632	0.001	0.001	0.366
0.217	0.001	0.028	0.754
0.089	0.001	0.001	0.909
0.175	0.023	0.001	0.801
0.971	0.004	0.024	0.001
0.001	0.024	0.709	0.266
0.888	0.001	0.001	0.110
0.758	0.001	0.001	0.240
>TTTCTAAAAT	2-TTTCTAAAAT	8.448533	-49.453415	0	T:129.0(21.46%),B:12.8(2.80%),P:1e-21	Tpos:46.9,Tstd:59.5,Bpos:75.1,Bstd:61.0,StrandBias:0.1,Multiplicity:1.05
0.044	0.012	0.001	0.943
0.059	0.001	0.001	0.939
0.082	0.001	0.001	0.916
0.001	0.997	0.001	0.001
0.012	0.001	0.023	0.964
0.987	0.011	0.001	0.001
0.975	0.023	0.001	0.001
0.987	0.001	0.011	0.001
0.927	0.001	0.071	0.001
0.001	0.035	0.018	0.946
>RATACATTTT	3-RATACATTTT	9.246971	-20.205483	0	T:151.0(25.12%),B:50.1(10.92%),P:1e-8	Tpos:70.9,Tstd:67.2,Bpos:98.8,Bstd:76.0,StrandBias:-0.0,Multiplicity:1.10
0.525	0.001	0.473	0.001
0.997	0.001	0.001	0.001
0.001	0.001	0.001	0.997
0.997	0.001	0.001	0.001
0.337	0.661	0.001	0.001
0.997	0.001	0.001	0.001
0.001	0.201	0.001	0.797
0.273	0.001	0.001	0.725
0.001	0.001	0.133	0.865
0.001	0.001	0.001	0.997
>CTAGATAAAA	4-CTAGATAAAA	9.475937	-17.219842	0	T:74.0(12.31%),B:15.0(3.27%),P:1e-7	Tpos:90.8,Tstd:73.3,Bpos:92.6,Bstd:75.7,StrandBias:0.1,Multiplicity:1.05
0.144	0.568	0.127	0.161
0.216	0.012	0.035	0.737
0.929	0.001	0.012	0.058
0.248	0.071	0.518	0.163
0.931	0.023	0.001	0.045
0.087	0.012	0.022	0.879
0.942	0.023	0.012	0.023
0.798	0.023	0.012	0.167
0.940	0.012	0.012	0.036
0.779	0.023	0.023	0.175
>TTCGATATAA	5-TTCGATATAA	9.559549	-15.798142	0	T:32.0(5.32%),B:1.1(0.25%),P:1e-6	Tpos:136.2,Tstd:75.9,Bpos:75.6,Bstd:47.6,StrandBias:0.7,Multiplicity:1.03
0.086	0.044	0.001	0.869
0.118	0.044	0.022	0.816
0.251	0.537	0.086	0.126
0.100	0.112	0.674	0.114
0.843	0.022	0.022	0.113
0.116	0.001	0.064	0.819
0.833	0.066	0.001	0.100
0.131	0.001	0.001	0.867
0.844	0.001	0.001	0.154
0.934	0.022	0.022	0.022
>GTTTATATAT	6-GTTTATATAT	9.465075	-15.647749	0	T:160.0(26.62%),B:63.4(13.81%),P:1e-6	Tpos:96.9,Tstd:71.1,Bpos:111.3,Bstd:64.5,StrandBias:-0.6,Multiplicity:1.16
0.202	0.105	0.546	0.147
0.052	0.001	0.008	0.939
0.054	0.001	0.001	0.944
0.001	0.035	0.001	0.963
0.953	0.001	0.023	0.023
0.052	0.001	0.070	0.877
0.997	0.001	0.001	0.001
0.001	0.022	0.001	0.976
0.888	0.001	0.023	0.088
0.001	0.001	0.001	0.997
>ATACATGAGA	7-ATACATGAGA	8.350283	-12.463598	0	T:26.0(4.33%),B:1.9(0.41%),P:1e-5	Tpos:123.1,Tstd:52.5,Bpos:50.0,Bstd:0.0,StrandBias:0.5,Multiplicity:1.04
0.700	0.100	0.100	0.100
0.100	0.100	0.100	0.700
0.700	0.100	0.100	0.100
0.100	0.700	0.100	0.100
0.700	0.100	0.100	0.100
0.100	0.100	0.100	0.700
0.100	0.100	0.700	0.100
0.700	0.100	0.100	0.100
0.100	0.100	0.700	0.100
0.700	0.100	0.100	0.100
>CCATTATACT	8-CCATTATACT	8.350283	-10.822650	0	T:23.0(3.83%),B:2.0(0.43%),P:1e-4	Tpos:109.1,Tstd:55.1,Bpos:129.6,Bstd:21.6,StrandBias:-0.5,Multiplicity:1.00
0.100	0.700	0.100	0.100
0.100	0.700	0.100	0.100
0.700	0.100	0.100	0.100
0.100	0.100	0.100	0.700
0.100	0.100	0.100	0.700
0.700	0.100	0.100	0.100
0.100	0.100	0.100	0.700
0.700	0.100	0.100	0.100
0.100	0.700	0.100	0.100
0.100	0.100	0.100	0.700
>TTTAACTATA	9-TTTAACTATA	10.790974	-9.644267	0	T:65.0(10.82%),B:20.5(4.46%),P:1e-4	Tpos:84.2,Tstd:72.2,Bpos:124.4,Bstd:49.6,StrandBias:0.1,Multiplicity:1.02
0.001	0.001	0.111	0.887
0.001	0.223	0.027	0.749
0.001	0.001	0.001	0.997
0.639	0.111	0.001	0.249
0.885	0.113	0.001	0.001
0.188	0.810	0.001	0.001
0.001	0.001	0.001	0.997
0.997	0.001	0.001	0.001
0.001	0.111	0.001	0.887
0.997	0.001	0.001	0.001
