>TTTTCTAAAWTT	1-TTTTCTAAAWTT	7.701308	-63.691135	0	T:280.0(46.59%),B:70.4(15.33%),P:1e-27	Tpos:33.3,Tstd:44.0,Bpos:62.4,Bstd:78.6,StrandBias:0.3,Multiplicity:1.12
0.155	0.001	0.001	0.843
0.001	0.001	0.001	0.997
0.001	0.001	0.001	0.997
0.001	0.001	0.001	0.997
0.091	0.793	0.001	0.115
0.001	0.001	0.014	0.984
0.997	0.001	0.001	0.001
0.997	0.001	0.001	0.001
0.997	0.001	0.001	0.001
0.541	0.001	0.001	0.457
0.001	0.001	0.001	0.997
0.001	0.001	0.001	0.997
>WAAAATTTWAWT	2-WAAAATTTWAWT	12.279552	-33.558287	0	T:195.0(32.45%),B:56.5(12.30%),P:1e-14	Tpos:50.7,Tstd:58.5,Bpos:80.4,Bstd:83.4,StrandBias:-0.3,Multiplicity:1.10
0.569	0.001	0.001	0.429
0.997	0.001	0.001	0.001
0.933	0.001	0.001	0.065
0.997	0.001	0.001	0.001
0.577	0.148	0.001	0.274
0.308	0.001	0.061	0.630
0.001	0.001	0.001	0.997
0.001	0.001	0.001	0.997
0.508	0.001	0.001	0.490
0.586	0.001	0.001	0.412
0.562	0.001	0.001	0.436
0.001	0.020	0.001	0.978
>AAACTAAATAAA	3-AAACTAAATAAA	11.606876	-25.332561	0	T:106.0(17.64%),B:21.8(4.74%),P:1e-11	Tpos:81.1,Tstd:74.9,Bpos:107.7,Bstd:53.2,StrandBias:-0.0,Multiplicity:1.05
0.869	0.001	0.001	0.129
0.789	0.084	0.001	0.126
0.873	0.084	0.001	0.042
0.136	0.610	0.168	0.086
0.171	0.001	0.042	0.786
0.997	0.001	0.001	0.001
0.740	0.001	0.003	0.256
0.957	0.041	0.001	0.001
0.001	0.001	0.129	0.869
0.997	0.001	0.001	0.001
0.997	0.001	0.001	0.001
0.746	0.001	0.001	0.252
>TAAATTATAAAA	4-TAAATTATAAAA	13.126474	-14.601490	0	T:37.0(6.16%),B:3.5(0.75%),P:1e-6	Tpos:95.3,Tstd:68.2,Bpos:242.0,Bstd:0.0,StrandBias:0.6,Multiplicity:1.03
0.182	0.001	0.001	0.816
0.997	0.001	0.001	0.001
0.997	0.001	0.001	0.001
0.997	0.001	0.001	0.001
0.001	0.001	0.001	0.997
0.340	0.011	0.001	0.648
0.997	0.001	0.001	0.001
0.001	0.001	0.001	0.997
0.634	0.001	0.364	0.001
0.792	0.030	0.177	0.001
0.818	0.001	0.001	0.180
0.629	0.369	0.001	0.001
>TTTATATATTAC	5-TTTATATATTAC	11.875613	-12.774677	0	T:52.0(8.65%),B:10.1(2.21%),P:1e-5	Tpos:109.0,Tstd:61.8,Bpos:125.7,Bstd:59.7,StrandBias:0.1,Multiplicity:1.02
0.042	0.021	0.001	0.936
0.298	0.021	0.021	0.660
0.042	0.021	0.021	0.916
0.915	0.042	0.001	0.042
0.064	0.042	0.042	0.852
0.893	0.021	0.001	0.085
0.107	0.042	0.002	0.849
0.893	0.001	0.021	0.085
0.096	0.066	0.021	0.817
0.144	0.021	0.021	0.814
0.891	0.045	0.001	0.063
0.190	0.606	0.128	0.076
