>TCTAAAAC	1-TCTAAAAC	7.335006	-9.296549	0	T:169.0(28.12%),B:152.0(19.38%),P:1e-4	Tpos:53.5,Tstd:63.6,Bpos:61.9,Bstd:72.6,StrandBias:-0.0,Multiplicity:1.08
0.104	0.043	0.001	0.852
0.001	0.926	0.072	0.001
0.042	0.101	0.027	0.830
0.864	0.041	0.033	0.062
0.834	0.141	0.024	0.001
0.710	0.041	0.142	0.107
0.792	0.016	0.107	0.085
0.277	0.585	0.002	0.136
>GTAAATTG	2-GTAAATTG	7.151160	-6.660674	0	T:95.0(15.81%),B:80.1(10.22%),P:1e-2	Tpos:124.1,Tstd:70.5,Bpos:141.7,Bstd:72.2,StrandBias:0.1,Multiplicity:1.19
0.280	0.010	0.558	0.152
0.117	0.001	0.286	0.596
0.841	0.001	0.157	0.001
0.791	0.001	0.159	0.049
0.938	0.001	0.060	0.001
0.001	0.001	0.001	0.997
0.001	0.001	0.116	0.882
0.001	0.187	0.811	0.001
>ATCTGTTA	3-ATCTGTTA	7.998287	-5.828576	0	T:28.0(4.66%),B:15.8(2.01%),P:1e-2	Tpos:116.1,Tstd:58.7,Bpos:130.5,Bstd:49.4,StrandBias:0.9,Multiplicity:1.04
0.755	0.001	0.243	0.001
0.001	0.001	0.001	0.997
0.001	0.987	0.001	0.011
0.215	0.001	0.001	0.783
0.001	0.001	0.961	0.037
0.268	0.001	0.178	0.553
0.001	0.001	0.216	0.782
0.680	0.091	0.172	0.057
>TAGTTTCC	4-TAGTTTCC	7.574320	-5.438351	0	T:55.0(9.15%),B:42.5(5.41%),P:1e-2	Tpos:119.1,Tstd:67.2,Bpos:126.8,Bstd:69.0,StrandBias:-0.2,Multiplicity:1.15
0.001	0.001	0.001	0.997
0.923	0.001	0.001	0.075
0.001	0.083	0.780	0.136
0.001	0.001	0.001	0.997
0.137	0.001	0.001	0.861
0.001	0.001	0.001	0.997
0.001	0.923	0.075	0.001
0.107	0.645	0.001	0.247
>ATATGGCT	5-ATATGGCT	6.291044	-5.094233	0	T:37.0(6.16%),B:25.3(3.23%),P:1e-2	Tpos:112.9,Tstd:60.0,Bpos:128.1,Bstd:63.7,StrandBias:-0.4,Multiplicity:1.05
0.700	0.100	0.100	0.100
0.100	0.100	0.100	0.700
0.700	0.100	0.100	0.100
0.100	0.100	0.100	0.700
0.100	0.100	0.700	0.100
0.100	0.100	0.700	0.100
0.100	0.700	0.100	0.100
0.100	0.100	0.100	0.700
