>DAACTAATCT	1-DAACTAATCT	8.616290	-15.915401	0	T:73.0(15.05%),B:20.2(4.77%),P:1e-6	Tpos:124.8,Tstd:71.6,Bpos:102.9,Bstd:68.2,StrandBias:-0.4,Multiplicity:1.11
0.257	0.088	0.306	0.349
0.826	0.001	0.001	0.172
0.997	0.001	0.001	0.001
0.001	0.827	0.167	0.005
0.001	0.001	0.001	0.997
0.833	0.055	0.001	0.111
0.777	0.055	0.001	0.167
0.077	0.001	0.001	0.921
0.136	0.712	0.005	0.147
0.001	0.001	0.001	0.997
>TATTACGTAA	2-TATTACGTAA	10.417241	-15.881066	0	T:46.0(9.48%),B:7.5(1.77%),P:1e-6	Tpos:99.9,Tstd:58.9,Bpos:79.2,Bstd:41.7,StrandBias:0.8,Multiplicity:1.07
0.001	0.001	0.001	0.997
0.596	0.001	0.001	0.402
0.001	0.001	0.001	0.997
0.294	0.001	0.001	0.704
0.997	0.001	0.001	0.001
0.230	0.538	0.001	0.231
0.001	0.001	0.997	0.001
0.001	0.001	0.001	0.997
0.997	0.001	0.001	0.001
0.802	0.001	0.001	0.196
>ATAACATCAA	3-ATAACATCAA	10.282616	-12.624428	0	T:35.0(7.22%),B:5.0(1.19%),P:1e-5	Tpos:113.5,Tstd:78.0,Bpos:155.2,Bstd:59.6,StrandBias:-0.5,Multiplicity:1.03
0.997	0.001	0.001	0.001
0.001	0.001	0.080	0.918
0.997	0.001	0.001	0.001
0.997	0.001	0.001	0.001
0.266	0.480	0.001	0.253
0.549	0.084	0.001	0.366
0.084	0.276	0.001	0.639
0.183	0.548	0.001	0.268
0.997	0.001	0.001	0.001
0.997	0.001	0.001	0.001
>ACTGTTTTTA	4-ACTGTTTTTA	8.350283	-10.542500	0	T:31.0(6.39%),B:5.1(1.21%),P:1e-4	Tpos:97.8,Tstd:64.5,Bpos:132.1,Bstd:48.8,StrandBias:0.0,Multiplicity:1.00
0.700	0.100	0.100	0.100
0.100	0.700	0.100	0.100
0.100	0.100	0.100	0.700
0.100	0.100	0.700	0.100
0.100	0.100	0.100	0.700
0.100	0.100	0.100	0.700
0.100	0.100	0.100	0.700
0.100	0.100	0.100	0.700
0.100	0.100	0.100	0.700
0.700	0.100	0.100	0.100
>AGGTATATGA	5-AGGTATATGA	8.350283	-9.422541	0	T:24.0(4.95%),B:3.7(0.88%),P:1e-4	Tpos:91.6,Tstd:62.1,Bpos:187.5,Bstd:40.2,StrandBias:2.0,Multiplicity:1.09
0.700	0.100	0.100	0.100
0.100	0.100	0.700	0.100
0.100	0.100	0.700	0.100
0.100	0.100	0.100	0.700
0.700	0.100	0.100	0.100
0.100	0.100	0.100	0.700
0.700	0.100	0.100	0.100
0.100	0.100	0.100	0.700
0.100	0.100	0.700	0.100
0.700	0.100	0.100	0.100
>CCTAAAGAAT	6-CCTAAAGAAT	8.350283	-9.224398	0	T:21.0(4.33%),B:2.9(0.68%),P:1e-4	Tpos:83.7,Tstd:63.2,Bpos:94.4,Bstd:40.5,StrandBias:-1.0,Multiplicity:1.00
0.100	0.700	0.100	0.100
0.100	0.700	0.100	0.100
0.100	0.100	0.100	0.700
0.700	0.100	0.100	0.100
0.700	0.100	0.100	0.100
0.700	0.100	0.100	0.100
0.100	0.100	0.700	0.100
0.700	0.100	0.100	0.100
0.700	0.100	0.100	0.100
0.100	0.100	0.100	0.700
>AAGAGAAAAG	7-AAGAGAAAAG	8.350283	-7.992816	0	T:28.0(5.77%),B:6.1(1.45%),P:1e-3	Tpos:124.9,Tstd:68.6,Bpos:118.8,Bstd:43.6,StrandBias:-0.5,Multiplicity:1.11
0.700	0.100	0.100	0.100
0.700	0.100	0.100	0.100
0.100	0.100	0.700	0.100
0.700	0.100	0.100	0.100
0.100	0.100	0.700	0.100
0.700	0.100	0.100	0.100
0.700	0.100	0.100	0.100
0.700	0.100	0.100	0.100
0.700	0.100	0.100	0.100
0.100	0.100	0.700	0.100
>TTAGTTAATAAA	1-TTAGTTAATAAA	11.695400	-13.293322	0	T:31.0(6.39%),B:3.6(0.84%),P:1e-5	Tpos:87.3,Tstd:68.5,Bpos:131.9,Bstd:40.6,StrandBias:-0.5,Multiplicity:1.00
0.001	0.079	0.001	0.919
0.079	0.001	0.001	0.919
0.919	0.001	0.001	0.079
0.001	0.079	0.761	0.159
0.001	0.001	0.001	0.997
0.001	0.001	0.001	0.997
0.841	0.079	0.001	0.079
0.760	0.001	0.001	0.238
0.079	0.079	0.001	0.841
0.919	0.001	0.001	0.079
0.919	0.001	0.001	0.079
0.997	0.001	0.001	0.001
>TAACRTAAATTA	2-TAACRTAAATTA	12.359160	-12.935127	0	T:38.0(7.84%),B:6.4(1.51%),P:1e-5	Tpos:100.2,Tstd:62.1,Bpos:116.4,Bstd:84.9,StrandBias:0.3,Multiplicity:1.00
0.399	0.001	0.001	0.599
0.699	0.001	0.001	0.299
0.997	0.001	0.001	0.001
0.200	0.549	0.250	0.001
0.400	0.001	0.450	0.150
0.001	0.001	0.001	0.997
0.997	0.001	0.001	0.001
0.997	0.001	0.001	0.001
0.997	0.001	0.001	0.001
0.049	0.001	0.001	0.949
0.349	0.001	0.001	0.649
0.997	0.001	0.001	0.001
>AGTATAAAATAA	3-AGTATAAAATAA	10.409522	-11.055982	0	T:27.0(5.57%),B:3.6(0.86%),P:1e-4	Tpos:108.0,Tstd:69.9,Bpos:127.5,Bstd:63.0,StrandBias:0.1,Multiplicity:1.00
0.700	0.100	0.100	0.100
0.100	0.100	0.700	0.100
0.100	0.100	0.100	0.700
0.700	0.100	0.100	0.100
0.100	0.100	0.100	0.700
0.700	0.100	0.100	0.100
0.700	0.100	0.100	0.100
0.700	0.100	0.100	0.100
0.700	0.100	0.100	0.100
0.100	0.100	0.100	0.700
0.700	0.100	0.100	0.100
0.700	0.100	0.100	0.100
>TAAAATCATTAA	4-TAAAATCATTAA	11.844091	-9.186123	0	T:26.0(5.36%),B:4.5(1.06%),P:1e-3	Tpos:104.8,Tstd:65.6,Bpos:177.4,Bstd:55.5,StrandBias:-0.9,Multiplicity:1.00
0.140	0.033	0.001	0.826
0.966	0.001	0.001	0.032
0.932	0.001	0.001	0.066
0.833	0.100	0.066	0.001
0.861	0.100	0.033	0.006
0.173	0.001	0.033	0.793
0.140	0.620	0.033	0.207
0.694	0.006	0.033	0.267
0.080	0.067	0.033	0.820
0.006	0.001	0.001	0.992
0.786	0.033	0.001	0.180
0.933	0.033	0.001	0.033
>ATATAATTCAAA	5-ATATAATTCAAA	11.637221	-9.033038	0	T:28.0(5.77%),B:5.3(1.24%),P:1e-3	Tpos:117.9,Tstd:75.3,Bpos:148.9,Bstd:57.6,StrandBias:0.0,Multiplicity:1.00
0.832	0.001	0.001	0.166
0.278	0.001	0.055	0.666
0.997	0.001	0.001	0.001
0.333	0.001	0.001	0.665
0.997	0.001	0.001	0.001
0.802	0.001	0.055	0.142
0.070	0.001	0.001	0.928
0.067	0.001	0.001	0.931
0.343	0.655	0.001	0.001
0.929	0.055	0.001	0.015
0.644	0.167	0.111	0.078
0.943	0.055	0.001	0.001
>CTTGTCTC	1-CTTGTCTC	7.290209	-15.622485	0	T:32.0(6.60%),B:2.0(0.48%),P:1e-6	Tpos:113.6,Tstd:77.4,Bpos:127.1,Bstd:31.2,StrandBias:-0.5,Multiplicity:1.00
0.058	0.940	0.001	0.001
0.001	0.001	0.001	0.997
0.001	0.058	0.001	0.940
0.235	0.001	0.529	0.235
0.058	0.001	0.001	0.940
0.001	0.883	0.058	0.058
0.001	0.001	0.001	0.997
0.058	0.940	0.001	0.001
>GTAACTAC	2-GTAACTAC	5.472086	-11.088963	0	T:194.0(40.00%),B:113.3(26.77%),P:1e-4	Tpos:116.2,Tstd:69.0,Bpos:118.7,Bstd:80.6,StrandBias:-0.6,Multiplicity:1.36
0.248	0.132	0.440	0.180
0.159	0.089	0.082	0.670
0.637	0.095	0.066	0.202
0.756	0.099	0.019	0.126
0.130	0.634	0.129	0.107
0.141	0.053	0.081	0.725
0.698	0.110	0.061	0.131
0.257	0.446	0.114	0.183
>TTACGTAA	3-TTACGTAA	8.553772	-10.934446	0	T:107.0(22.06%),B:49.3(11.64%),P:1e-4	Tpos:98.3,Tstd:67.1,Bpos:103.2,Bstd:63.0,StrandBias:0.1,Multiplicity:1.21
0.001	0.001	0.001	0.997
0.001	0.001	0.001	0.997
0.997	0.001	0.001	0.001
0.230	0.768	0.001	0.001
0.280	0.001	0.718	0.001
0.001	0.001	0.001	0.997
0.816	0.001	0.001	0.182
0.820	0.001	0.001	0.178
>ATCTAGTC	4-ATCTAGTC	6.387727	-10.617279	0	T:88.0(18.14%),B:37.1(8.78%),P:1e-4	Tpos:109.9,Tstd:68.5,Bpos:136.0,Bstd:86.0,StrandBias:-0.5,Multiplicity:1.09
0.845	0.001	0.001	0.153
0.076	0.001	0.001	0.922
0.001	0.922	0.076	0.001
0.026	0.001	0.401	0.572
0.997	0.001	0.001	0.001
0.256	0.026	0.641	0.077
0.026	0.001	0.001	0.972
0.280	0.642	0.077	0.001
>AGGGATTC	5-AGGGATTC	6.291044	-7.519117	0	T:29.0(5.98%),B:7.2(1.71%),P:1e-3	Tpos:88.1,Tstd:53.3,Bpos:130.8,Bstd:75.5,StrandBias:0.1,Multiplicity:1.04
0.700	0.100	0.100	0.100
0.100	0.100	0.700	0.100
0.100	0.100	0.700	0.100
0.100	0.100	0.700	0.100
0.700	0.100	0.100	0.100
0.100	0.100	0.100	0.700
0.100	0.100	0.100	0.700
0.100	0.700	0.100	0.100
