>CTTGTCTC	1-CTTGTCTC	7.290209	-15.622485	0	T:32.0(6.60%),B:2.0(0.48%),P:1e-6	Tpos:113.6,Tstd:77.4,Bpos:127.1,Bstd:31.2,StrandBias:-0.5,Multiplicity:1.00
0.058	0.940	0.001	0.001
0.001	0.001	0.001	0.997
0.001	0.058	0.001	0.940
0.235	0.001	0.529	0.235
0.058	0.001	0.001	0.940
0.001	0.883	0.058	0.058
0.001	0.001	0.001	0.997
0.058	0.940	0.001	0.001
>GTAACTAC	2-GTAACTAC	5.472086	-11.088963	0	T:194.0(40.00%),B:113.3(26.77%),P:1e-4	Tpos:116.2,Tstd:69.0,Bpos:118.7,Bstd:80.6,StrandBias:-0.6,Multiplicity:1.36
0.248	0.132	0.440	0.180
0.159	0.089	0.082	0.670
0.637	0.095	0.066	0.202
0.756	0.099	0.019	0.126
0.130	0.634	0.129	0.107
0.141	0.053	0.081	0.725
0.698	0.110	0.061	0.131
0.257	0.446	0.114	0.183
>TTACGTAA	3-TTACGTAA	8.553772	-10.934446	0	T:107.0(22.06%),B:49.3(11.64%),P:1e-4	Tpos:98.3,Tstd:67.1,Bpos:103.2,Bstd:63.0,StrandBias:0.1,Multiplicity:1.21
0.001	0.001	0.001	0.997
0.001	0.001	0.001	0.997
0.997	0.001	0.001	0.001
0.230	0.768	0.001	0.001
0.280	0.001	0.718	0.001
0.001	0.001	0.001	0.997
0.816	0.001	0.001	0.182
0.820	0.001	0.001	0.178
>ATCTAGTC	4-ATCTAGTC	6.387727	-10.617279	0	T:88.0(18.14%),B:37.1(8.78%),P:1e-4	Tpos:109.9,Tstd:68.5,Bpos:136.0,Bstd:86.0,StrandBias:-0.5,Multiplicity:1.09
0.845	0.001	0.001	0.153
0.076	0.001	0.001	0.922
0.001	0.922	0.076	0.001
0.026	0.001	0.401	0.572
0.997	0.001	0.001	0.001
0.256	0.026	0.641	0.077
0.026	0.001	0.001	0.972
0.280	0.642	0.077	0.001
>AGGGATTC	5-AGGGATTC	6.291044	-7.519117	0	T:29.0(5.98%),B:7.2(1.71%),P:1e-3	Tpos:88.1,Tstd:53.3,Bpos:130.8,Bstd:75.5,StrandBias:0.1,Multiplicity:1.04
0.700	0.100	0.100	0.100
0.100	0.100	0.700	0.100
0.100	0.100	0.700	0.100
0.100	0.100	0.700	0.100
0.700	0.100	0.100	0.100
0.100	0.100	0.100	0.700
0.100	0.100	0.100	0.700
0.100	0.700	0.100	0.100
