>CCAATGGA	1-CCAATGGA	6.148179	-9.789934	0	T:54.0(11.13%),B:34.0(5.01%),P:1e-4	Tpos:109.6,Tstd:75.1,Bpos:106.1,Bstd:76.7,StrandBias:-1.0,Multiplicity:1.04
0.146	0.761	0.018	0.075
0.091	0.672	0.050	0.187
0.869	0.001	0.037	0.093
0.810	0.018	0.117	0.055
0.083	0.113	0.038	0.766
0.313	0.055	0.538	0.094
0.138	0.075	0.700	0.087
0.924	0.001	0.001	0.074
>WGATGAAC	2-WGATGAAC	6.231282	-7.526439	0	T:31.0(6.39%),B:16.3(2.40%),P:1e-3	Tpos:101.2,Tstd:55.9,Bpos:131.0,Bstd:52.4,StrandBias:-0.9,Multiplicity:1.07
0.376	0.134	0.104	0.387
0.059	0.008	0.918	0.015
0.790	0.094	0.014	0.102
0.101	0.001	0.111	0.787
0.078	0.019	0.898	0.005
0.518	0.094	0.284	0.104
0.883	0.005	0.001	0.111
0.063	0.624	0.192	0.121
>AATGTAAA	3-AATGTAAA	7.192718	-6.853238	0	T:131.0(27.01%),B:130.5(19.21%),P:1e-2	Tpos:100.8,Tstd:65.1,Bpos:106.3,Bstd:69.5,StrandBias:0.1,Multiplicity:1.16
0.632	0.001	0.001	0.366
0.997	0.001	0.001	0.001
0.001	0.105	0.001	0.893
0.001	0.001	0.997	0.001
0.001	0.001	0.001	0.997
0.734	0.001	0.264	0.001
0.728	0.001	0.001	0.270
0.997	0.001	0.001	0.001
>GGAGACAC	4-GGAGACAC	8.556460	-5.546960	0	T:10.0(2.06%),B:2.8(0.41%),P:1e-2	Tpos:93.5,Tstd:40.3,Bpos:96.1,Bstd:45.9,StrandBias:1.2,Multiplicity:1.00
0.001	0.001	0.997	0.001
0.153	0.001	0.845	0.001
0.997	0.001	0.001	0.001
0.001	0.001	0.997	0.001
0.997	0.001	0.001	0.001
0.073	0.619	0.154	0.154
0.997	0.001	0.001	0.001
0.154	0.691	0.001	0.154
>TAGCAGCT	5-TAGCAGCT	6.180499	-4.809429	0	T:55.0(11.34%),B:48.9(7.21%),P:1e-2	Tpos:133.4,Tstd:66.6,Bpos:131.0,Bstd:64.8,StrandBias:-0.8,Multiplicity:1.06
0.048	0.001	0.043	0.908
0.822	0.043	0.043	0.092
0.172	0.056	0.692	0.080
0.319	0.542	0.001	0.138
0.872	0.001	0.043	0.084
0.061	0.080	0.564	0.295
0.123	0.693	0.092	0.092
0.043	0.001	0.001	0.955
