>TTAGTTAATAAA	1-TTAGTTAATAAA	11.695400	-13.293322	0	T:31.0(6.39%),B:3.6(0.84%),P:1e-5	Tpos:87.3,Tstd:68.5,Bpos:131.9,Bstd:40.6,StrandBias:-0.5,Multiplicity:1.00
0.001	0.079	0.001	0.919
0.079	0.001	0.001	0.919
0.919	0.001	0.001	0.079
0.001	0.079	0.761	0.159
0.001	0.001	0.001	0.997
0.001	0.001	0.001	0.997
0.841	0.079	0.001	0.079
0.760	0.001	0.001	0.238
0.079	0.079	0.001	0.841
0.919	0.001	0.001	0.079
0.919	0.001	0.001	0.079
0.997	0.001	0.001	0.001
>TAACRTAAATTA	2-TAACRTAAATTA	12.359160	-12.935127	0	T:38.0(7.84%),B:6.4(1.51%),P:1e-5	Tpos:100.2,Tstd:62.1,Bpos:116.4,Bstd:84.9,StrandBias:0.3,Multiplicity:1.00
0.399	0.001	0.001	0.599
0.699	0.001	0.001	0.299
0.997	0.001	0.001	0.001
0.200	0.549	0.250	0.001
0.400	0.001	0.450	0.150
0.001	0.001	0.001	0.997
0.997	0.001	0.001	0.001
0.997	0.001	0.001	0.001
0.997	0.001	0.001	0.001
0.049	0.001	0.001	0.949
0.349	0.001	0.001	0.649
0.997	0.001	0.001	0.001
>AGTATAAAATAA	3-AGTATAAAATAA	10.409522	-11.055982	0	T:27.0(5.57%),B:3.6(0.86%),P:1e-4	Tpos:108.0,Tstd:69.9,Bpos:127.5,Bstd:63.0,StrandBias:0.1,Multiplicity:1.00
0.700	0.100	0.100	0.100
0.100	0.100	0.700	0.100
0.100	0.100	0.100	0.700
0.700	0.100	0.100	0.100
0.100	0.100	0.100	0.700
0.700	0.100	0.100	0.100
0.700	0.100	0.100	0.100
0.700	0.100	0.100	0.100
0.700	0.100	0.100	0.100
0.100	0.100	0.100	0.700
0.700	0.100	0.100	0.100
0.700	0.100	0.100	0.100
>TAAAATCATTAA	4-TAAAATCATTAA	11.844091	-9.186123	0	T:26.0(5.36%),B:4.5(1.06%),P:1e-3	Tpos:104.8,Tstd:65.6,Bpos:177.4,Bstd:55.5,StrandBias:-0.9,Multiplicity:1.00
0.140	0.033	0.001	0.826
0.966	0.001	0.001	0.032
0.932	0.001	0.001	0.066
0.833	0.100	0.066	0.001
0.861	0.100	0.033	0.006
0.173	0.001	0.033	0.793
0.140	0.620	0.033	0.207
0.694	0.006	0.033	0.267
0.080	0.067	0.033	0.820
0.006	0.001	0.001	0.992
0.786	0.033	0.001	0.180
0.933	0.033	0.001	0.033
>ATATAATTCAAA	5-ATATAATTCAAA	11.637221	-9.033038	0	T:28.0(5.77%),B:5.3(1.24%),P:1e-3	Tpos:117.9,Tstd:75.3,Bpos:148.9,Bstd:57.6,StrandBias:0.0,Multiplicity:1.00
0.832	0.001	0.001	0.166
0.278	0.001	0.055	0.666
0.997	0.001	0.001	0.001
0.333	0.001	0.001	0.665
0.997	0.001	0.001	0.001
0.802	0.001	0.055	0.142
0.070	0.001	0.001	0.928
0.067	0.001	0.001	0.931
0.343	0.655	0.001	0.001
0.929	0.055	0.001	0.015
0.644	0.167	0.111	0.078
0.943	0.055	0.001	0.001
