>WACTAYAARW	1-WACTAYAARW	9.384088	-8.051461	0	T:53.0(10.93%),B:36.7(5.41%),P:1e-3	Tpos:105.8,Tstd:67.0,Bpos:103.8,Bstd:73.7,StrandBias:0.3,Multiplicity:1.08
0.532	0.001	0.001	0.466
0.997	0.001	0.001	0.001
0.001	0.845	0.153	0.001
0.001	0.061	0.001	0.937
0.997	0.001	0.001	0.001
0.001	0.466	0.001	0.532
0.997	0.001	0.001	0.001
0.997	0.001	0.001	0.001
0.532	0.001	0.466	0.001
0.532	0.001	0.001	0.466
>GTTAACAATT	2-GTTAACAATT	8.494364	-7.626437	0	T:45.0(9.28%),B:29.4(4.33%),P:1e-3	Tpos:109.0,Tstd:61.0,Bpos:103.5,Bstd:77.4,StrandBias:0.3,Multiplicity:1.13
0.001	0.131	0.771	0.097
0.087	0.043	0.001	0.869
0.305	0.001	0.001	0.693
0.763	0.088	0.044	0.105
0.887	0.092	0.001	0.020
0.164	0.748	0.044	0.044
0.868	0.001	0.001	0.130
0.906	0.001	0.001	0.092
0.175	0.044	0.088	0.693
0.108	0.043	0.001	0.848
>ATGTAAAGAT	3-ATGTAAAGAT	10.327595	-7.375389	0	T:34.0(7.01%),B:19.1(2.81%),P:1e-3	Tpos:107.5,Tstd:69.3,Bpos:115.1,Bstd:68.5,StrandBias:0.8,Multiplicity:1.03
0.997	0.001	0.001	0.001
0.086	0.001	0.001	0.912
0.037	0.001	0.757	0.205
0.077	0.001	0.001	0.921
0.921	0.001	0.001	0.077
0.855	0.001	0.001	0.143
0.921	0.001	0.077	0.001
0.087	0.001	0.834	0.078
0.997	0.001	0.001	0.001
0.086	0.001	0.001	0.912
>AAGTGAATAG	4-AAGTGAATAG	10.156890	-6.423288	0	T:17.0(3.51%),B:6.9(1.01%),P:1e-2	Tpos:109.6,Tstd:49.6,Bpos:123.4,Bstd:66.4,StrandBias:0.9,Multiplicity:1.00
0.997	0.001	0.001	0.001
0.997	0.001	0.001	0.001
0.178	0.001	0.820	0.001
0.001	0.001	0.001	0.997
0.199	0.179	0.443	0.179
0.997	0.001	0.001	0.001
0.997	0.001	0.001	0.001
0.001	0.178	0.001	0.820
0.997	0.001	0.001	0.001
0.084	0.001	0.914	0.001
>AGGTATATGA	5-AGGTATATGA	8.350283	-4.730441	0	T:24.0(4.95%),B:15.6(2.30%),P:1e-2	Tpos:91.7,Tstd:60.8,Bpos:113.3,Bstd:71.7,StrandBias:2.1,Multiplicity:1.08
0.700	0.100	0.100	0.100
0.100	0.100	0.700	0.100
0.100	0.100	0.700	0.100
0.100	0.100	0.100	0.700
0.700	0.100	0.100	0.100
0.100	0.100	0.100	0.700
0.700	0.100	0.100	0.100
0.100	0.100	0.100	0.700
0.100	0.100	0.700	0.100
0.700	0.100	0.100	0.100
