>WACTAYAARW	1-WACTAYAARW	9.384088	-8.051461	0	T:53.0(10.93%),B:36.7(5.41%),P:1e-3	Tpos:105.8,Tstd:67.0,Bpos:103.8,Bstd:73.7,StrandBias:0.3,Multiplicity:1.08
0.532	0.001	0.001	0.466
0.997	0.001	0.001	0.001
0.001	0.845	0.153	0.001
0.001	0.061	0.001	0.937
0.997	0.001	0.001	0.001
0.001	0.466	0.001	0.532
0.997	0.001	0.001	0.001
0.997	0.001	0.001	0.001
0.532	0.001	0.466	0.001
0.532	0.001	0.001	0.466
>GTTAACAATT	2-GTTAACAATT	8.494364	-7.626437	0	T:45.0(9.28%),B:29.4(4.33%),P:1e-3	Tpos:109.0,Tstd:61.0,Bpos:103.5,Bstd:77.4,StrandBias:0.3,Multiplicity:1.13
0.001	0.131	0.771	0.097
0.087	0.043	0.001	0.869
0.305	0.001	0.001	0.693
0.763	0.088	0.044	0.105
0.887	0.092	0.001	0.020
0.164	0.748	0.044	0.044
0.868	0.001	0.001	0.130
0.906	0.001	0.001	0.092
0.175	0.044	0.088	0.693
0.108	0.043	0.001	0.848
>ATGTAAAGAT	3-ATGTAAAGAT	10.327595	-7.375389	0	T:34.0(7.01%),B:19.1(2.81%),P:1e-3	Tpos:107.5,Tstd:69.3,Bpos:115.1,Bstd:68.5,StrandBias:0.8,Multiplicity:1.03
0.997	0.001	0.001	0.001
0.086	0.001	0.001	0.912
0.037	0.001	0.757	0.205
0.077	0.001	0.001	0.921
0.921	0.001	0.001	0.077
0.855	0.001	0.001	0.143
0.921	0.001	0.077	0.001
0.087	0.001	0.834	0.078
0.997	0.001	0.001	0.001
0.086	0.001	0.001	0.912
>AAGTGAATAG	4-AAGTGAATAG	10.156890	-6.423288	0	T:17.0(3.51%),B:6.9(1.01%),P:1e-2	Tpos:109.6,Tstd:49.6,Bpos:123.4,Bstd:66.4,StrandBias:0.9,Multiplicity:1.00
0.997	0.001	0.001	0.001
0.997	0.001	0.001	0.001
0.178	0.001	0.820	0.001
0.001	0.001	0.001	0.997
0.199	0.179	0.443	0.179
0.997	0.001	0.001	0.001
0.997	0.001	0.001	0.001
0.001	0.178	0.001	0.820
0.997	0.001	0.001	0.001
0.084	0.001	0.914	0.001
>AGGTATATGA	5-AGGTATATGA	8.350283	-4.730441	0	T:24.0(4.95%),B:15.6(2.30%),P:1e-2	Tpos:91.7,Tstd:60.8,Bpos:113.3,Bstd:71.7,StrandBias:2.1,Multiplicity:1.08
0.700	0.100	0.100	0.100
0.100	0.100	0.700	0.100
0.100	0.100	0.700	0.100
0.100	0.100	0.100	0.700
0.700	0.100	0.100	0.100
0.100	0.100	0.100	0.700
0.700	0.100	0.100	0.100
0.100	0.100	0.100	0.700
0.100	0.100	0.700	0.100
0.700	0.100	0.100	0.100
>TAAAATCATTAA	1-TAAAATCATTAA	11.450720	-10.737768	0	T:32.0(6.60%),B:12.9(1.90%),P:1e-4	Tpos:110.3,Tstd:71.5,Bpos:172.7,Bstd:66.3,StrandBias:-1.3,Multiplicity:1.10
0.167	0.001	0.001	0.831
0.997	0.001	0.001	0.001
0.906	0.001	0.001	0.092
0.862	0.136	0.001	0.001
0.792	0.093	0.001	0.114
0.113	0.001	0.001	0.885
0.104	0.663	0.001	0.232
0.514	0.093	0.093	0.300
0.104	0.093	0.186	0.617
0.001	0.001	0.001	0.997
0.997	0.001	0.001	0.001
0.997	0.001	0.001	0.001
>ATAATAAKTTAT	2-ATAATAAKTTAT	13.404321	-9.455254	0	T:17.0(3.51%),B:3.9(0.58%),P:1e-4	Tpos:97.8,Tstd:80.1,Bpos:167.7,Bstd:72.4,StrandBias:-0.8,Multiplicity:1.00
0.997	0.001	0.001	0.001
0.122	0.001	0.001	0.876
0.997	0.001	0.001	0.001
0.997	0.001	0.001	0.001
0.122	0.001	0.001	0.876
0.997	0.001	0.001	0.001
0.876	0.122	0.001	0.001
0.137	0.001	0.492	0.370
0.001	0.001	0.001	0.997
0.001	0.001	0.001	0.997
0.997	0.001	0.001	0.001
0.001	0.001	0.122	0.876
>TATTAGTTATCA	3-TATTAGTTATCA	13.935653	-7.915117	0	T:9.0(1.86%),B:0.0(0.00%),P:1e-3	Tpos:61.4,Tstd:61.3,Bpos:0.0,Bstd:0.0,StrandBias:1.0,Multiplicity:1.00
0.001	0.001	0.001	0.997
0.997	0.001	0.001	0.001
0.001	0.001	0.001	0.997
0.001	0.001	0.001	0.997
0.997	0.001	0.001	0.001
0.001	0.001	0.832	0.166
0.166	0.001	0.001	0.832
0.001	0.001	0.001	0.997
0.997	0.001	0.001	0.001
0.001	0.001	0.001	0.997
0.166	0.500	0.001	0.333
0.997	0.001	0.001	0.001
>TCTATTTCTTAT	4-TCTATTTCTTAT	8.887804	-7.016861	0	T:12.0(2.47%),B:2.5(0.37%),P:1e-3	Tpos:64.5,Tstd:51.3,Bpos:55.8,Bstd:22.6,StrandBias:0.0,Multiplicity:1.00
0.001	0.001	0.001	0.997
0.001	0.997	0.001	0.001
0.001	0.001	0.001	0.997
0.997	0.001	0.001	0.001
0.001	0.001	0.001	0.997
0.001	0.001	0.001	0.997
0.001	0.001	0.001	0.997
0.001	0.666	0.001	0.332
0.001	0.001	0.001	0.997
0.001	0.001	0.001	0.997
0.666	0.001	0.001	0.332
0.332	0.001	0.001	0.666
>TATGTGTTATTT	5-TATGTGTTATTT	10.409522	-6.872025	0	T:10.0(2.06%),B:1.2(0.18%),P:1e-2	Tpos:96.4,Tstd:61.2,Bpos:190.0,Bstd:0.0,StrandBias:0.0,Multiplicity:1.00
0.100	0.100	0.100	0.700
0.700	0.100	0.100	0.100
0.100	0.100	0.100	0.700
0.100	0.100	0.700	0.100
0.100	0.100	0.100	0.700
0.100	0.100	0.700	0.100
0.100	0.100	0.100	0.700
0.100	0.100	0.100	0.700
0.700	0.100	0.100	0.100
0.100	0.100	0.100	0.700
0.100	0.100	0.100	0.700
0.100	0.100	0.100	0.700
>CCAATGGA	1-CCAATGGA	6.148179	-9.789934	0	T:54.0(11.13%),B:34.0(5.01%),P:1e-4	Tpos:109.6,Tstd:75.1,Bpos:106.1,Bstd:76.7,StrandBias:-1.0,Multiplicity:1.04
0.146	0.761	0.018	0.075
0.091	0.672	0.050	0.187
0.869	0.001	0.037	0.093
0.810	0.018	0.117	0.055
0.083	0.113	0.038	0.766
0.313	0.055	0.538	0.094
0.138	0.075	0.700	0.087
0.924	0.001	0.001	0.074
>WGATGAAC	2-WGATGAAC	6.231282	-7.526439	0	T:31.0(6.39%),B:16.3(2.40%),P:1e-3	Tpos:101.2,Tstd:55.9,Bpos:131.0,Bstd:52.4,StrandBias:-0.9,Multiplicity:1.07
0.376	0.134	0.104	0.387
0.059	0.008	0.918	0.015
0.790	0.094	0.014	0.102
0.101	0.001	0.111	0.787
0.078	0.019	0.898	0.005
0.518	0.094	0.284	0.104
0.883	0.005	0.001	0.111
0.063	0.624	0.192	0.121
>AATGTAAA	3-AATGTAAA	7.192718	-6.853238	0	T:131.0(27.01%),B:130.5(19.21%),P:1e-2	Tpos:100.8,Tstd:65.1,Bpos:106.3,Bstd:69.5,StrandBias:0.1,Multiplicity:1.16
0.632	0.001	0.001	0.366
0.997	0.001	0.001	0.001
0.001	0.105	0.001	0.893
0.001	0.001	0.997	0.001
0.001	0.001	0.001	0.997
0.734	0.001	0.264	0.001
0.728	0.001	0.001	0.270
0.997	0.001	0.001	0.001
>GGAGACAC	4-GGAGACAC	8.556460	-5.546960	0	T:10.0(2.06%),B:2.8(0.41%),P:1e-2	Tpos:93.5,Tstd:40.3,Bpos:96.1,Bstd:45.9,StrandBias:1.2,Multiplicity:1.00
0.001	0.001	0.997	0.001
0.153	0.001	0.845	0.001
0.997	0.001	0.001	0.001
0.001	0.001	0.997	0.001
0.997	0.001	0.001	0.001
0.073	0.619	0.154	0.154
0.997	0.001	0.001	0.001
0.154	0.691	0.001	0.154
>TAGCAGCT	5-TAGCAGCT	6.180499	-4.809429	0	T:55.0(11.34%),B:48.9(7.21%),P:1e-2	Tpos:133.4,Tstd:66.6,Bpos:131.0,Bstd:64.8,StrandBias:-0.8,Multiplicity:1.06
0.048	0.001	0.043	0.908
0.822	0.043	0.043	0.092
0.172	0.056	0.692	0.080
0.319	0.542	0.001	0.138
0.872	0.001	0.043	0.084
0.061	0.080	0.564	0.295
0.123	0.693	0.092	0.092
0.043	0.001	0.001	0.955
