>TAAAATCATTAA	1-TAAAATCATTAA	11.450720	-10.737768	0	T:32.0(6.60%),B:12.9(1.90%),P:1e-4	Tpos:110.3,Tstd:71.5,Bpos:172.7,Bstd:66.3,StrandBias:-1.3,Multiplicity:1.10
0.167	0.001	0.001	0.831
0.997	0.001	0.001	0.001
0.906	0.001	0.001	0.092
0.862	0.136	0.001	0.001
0.792	0.093	0.001	0.114
0.113	0.001	0.001	0.885
0.104	0.663	0.001	0.232
0.514	0.093	0.093	0.300
0.104	0.093	0.186	0.617
0.001	0.001	0.001	0.997
0.997	0.001	0.001	0.001
0.997	0.001	0.001	0.001
>ATAAMTTATTAT	2-ATAAMTTATTAT	13.404321	-9.455254	0	T:17.0(3.51%),B:3.9(0.58%),P:1e-4	Tpos:98.1,Tstd:80.3,Bpos:168.0,Bstd:73.2,StrandBias:0.8,Multiplicity:1.00
0.876	0.122	0.001	0.001
0.001	0.001	0.001	0.997
0.997	0.001	0.001	0.001
0.997	0.001	0.001	0.001
0.370	0.492	0.001	0.137
0.001	0.001	0.122	0.876
0.001	0.001	0.001	0.997
0.876	0.001	0.001	0.122
0.001	0.001	0.001	0.997
0.001	0.001	0.001	0.997
0.876	0.001	0.001	0.122
0.001	0.001	0.001	0.997
>TATTAGTTATCA	3-TATTAGTTATCA	13.935653	-7.915117	0	T:9.0(1.86%),B:0.0(0.00%),P:1e-3	Tpos:61.4,Tstd:61.3,Bpos:0.0,Bstd:0.0,StrandBias:1.0,Multiplicity:1.00
0.001	0.001	0.001	0.997
0.997	0.001	0.001	0.001
0.001	0.001	0.001	0.997
0.001	0.001	0.001	0.997
0.997	0.001	0.001	0.001
0.001	0.001	0.832	0.166
0.166	0.001	0.001	0.832
0.001	0.001	0.001	0.997
0.997	0.001	0.001	0.001
0.001	0.001	0.001	0.997
0.166	0.500	0.001	0.333
0.997	0.001	0.001	0.001
>TCTATTTCTTAT	4-TCTATTTCTTAT	8.887804	-7.016861	0	T:12.0(2.47%),B:2.5(0.37%),P:1e-3	Tpos:64.5,Tstd:51.3,Bpos:55.8,Bstd:22.6,StrandBias:0.0,Multiplicity:1.00
0.001	0.001	0.001	0.997
0.001	0.997	0.001	0.001
0.001	0.001	0.001	0.997
0.997	0.001	0.001	0.001
0.001	0.001	0.001	0.997
0.001	0.001	0.001	0.997
0.001	0.001	0.001	0.997
0.001	0.666	0.001	0.332
0.001	0.001	0.001	0.997
0.001	0.001	0.001	0.997
0.666	0.001	0.001	0.332
0.332	0.001	0.001	0.666
>TWTGTGTTATWW	5-TWTGTGTTATWW	7.353636	-5.880716	0	T:12.0(2.47%),B:3.4(0.50%),P:1e-2	Tpos:133.6,Tstd:65.4,Bpos:208.7,Bstd:15.4,StrandBias:-0.5,Multiplicity:1.00
0.286	0.103	0.152	0.459
0.411	0.111	0.142	0.336
0.282	0.129	0.109	0.479
0.192	0.132	0.447	0.228
0.171	0.062	0.101	0.666
0.203	0.114	0.508	0.175
0.150	0.101	0.111	0.638
0.251	0.093	0.119	0.537
0.499	0.127	0.159	0.215
0.261	0.116	0.129	0.494
0.326	0.126	0.126	0.422
0.319	0.137	0.098	0.445
