>TWTGTGTTATWW	5-TWTGTGTTATWW	7.353636	-5.880716	0	T:12.0(2.47%),B:3.4(0.50%),P:1e-2
0.286	0.103	0.152	0.459
0.411	0.111	0.142	0.336
0.282	0.129	0.109	0.479
0.192	0.132	0.447	0.228
0.171	0.062	0.101	0.666
0.203	0.114	0.508	0.175
0.150	0.101	0.111	0.638
0.251	0.093	0.119	0.537
0.499	0.127	0.159	0.215
0.261	0.116	0.129	0.494
0.326	0.126	0.126	0.422
0.319	0.137	0.098	0.445
