>TTTATATATTAC	5-TTTATATATTAC	11.875613	-12.774677	0	T:52.0(8.65%),B:10.1(2.21%),P:1e-5
0.042	0.021	0.001	0.936
0.298	0.021	0.021	0.660
0.042	0.021	0.021	0.916
0.915	0.042	0.001	0.042
0.064	0.042	0.042	0.852
0.893	0.021	0.001	0.085
0.107	0.042	0.002	0.849
0.893	0.001	0.021	0.085
0.096	0.066	0.021	0.817
0.144	0.021	0.021	0.814
0.891	0.045	0.001	0.063
0.190	0.606	0.128	0.076
