>WTTTTTTAAAAT	2-WTTTTTTAAAAT	12.279675	-24.620976	0	T:90.0(15.76%),B:10.0(2.81%),P:1e-10
0.454	0.007	0.001	0.538
0.076	0.001	0.036	0.887
0.035	0.001	0.001	0.963
0.144	0.007	0.001	0.848
0.130	0.007	0.001	0.862
0.100	0.289	0.001	0.610
0.094	0.001	0.001	0.904
0.718	0.007	0.007	0.268
0.809	0.001	0.001	0.189
0.901	0.001	0.001	0.097
0.635	0.015	0.015	0.335
0.247	0.007	0.015	0.731
