>TTTTTTAGARAT	4-TTTTTTAGARAT	12.346606	-5.394738	0	T:17.0(2.98%),B:6.2(0.89%),P:1e-2
0.114	0.016	0.082	0.788
0.125	0.033	0.015	0.827
0.095	0.040	0.034	0.831
0.186	0.083	0.024	0.707
0.041	0.024	0.033	0.902
0.190	0.001	0.040	0.769
0.849	0.044	0.016	0.091
0.217	0.018	0.493	0.272
0.815	0.001	0.067	0.117
0.282	0.033	0.419	0.266
0.768	0.074	0.016	0.142
0.091	0.016	0.040	0.853
