>CWTCCTWMYATA	4-TATRKWAGGAWG	7.857750	-2.506766	0	T:11.0(5.21%),B:9.5(2.69%),P:1e-1
0.001	0.873	0.125	0.001
0.377	0.001	0.184	0.438
0.407	0.001	0.001	0.591
0.312	0.531	0.156	0.001
0.001	0.628	0.001	0.370
0.001	0.280	0.126	0.593
0.503	0.001	0.126	0.370
0.561	0.437	0.001	0.001
0.001	0.377	0.184	0.438
0.621	0.001	0.001	0.377
0.156	0.282	0.001	0.561
0.747	0.251	0.001	0.001
