>TATRKWAGKAWG	4-TATRKWAGKAWG,BestGuess:MA0305.1_GCR2/Jaspar(0.563)	7.710853	-2.988752	0	T:12.0(5.69%),B:9.5(2.69%),P:1e-1
0.001	0.001	0.316	0.682
0.471	0.001	0.291	0.236
0.422	0.001	0.001	0.576
0.379	0.143	0.477	0.001
0.001	0.001	0.484	0.514
0.354	0.106	0.106	0.434
0.659	0.105	0.235	0.001
0.354	0.001	0.644	0.001
0.001	0.131	0.489	0.379
0.602	0.001	0.001	0.396
0.423	0.143	0.118	0.317
0.001	0.105	0.893	0.001
