>TTTTCTAAAA	1-TTTTCTAAAA	9.429512	-16.096725	0	T:44.0(20.85%),B:8.3(4.14%),P:1e-6	Tpos:70.2,Tstd:67.8,Bpos:140.6,Bstd:42.4,StrandBias:0.2,Multiplicity:1.09
0.001	0.001	0.001	0.997
0.051	0.001	0.001	0.947
0.001	0.001	0.001	0.997
0.051	0.001	0.001	0.947
0.052	0.895	0.001	0.052
0.310	0.001	0.001	0.688
0.947	0.051	0.001	0.001
0.997	0.001	0.001	0.001
0.947	0.051	0.001	0.001
0.997	0.001	0.001	0.001
>WAAATTTTWT	2-WAAATTTTWT	9.648191	-15.130038	0	T:94.0(44.55%),B:42.8(21.32%),P:1e-6	Tpos:24.2,Tstd:31.8,Bpos:43.7,Bstd:47.6,StrandBias:-0.3,Multiplicity:1.18
0.550	0.001	0.001	0.448
0.997	0.001	0.001	0.001
0.997	0.001	0.001	0.001
0.663	0.158	0.045	0.134
0.320	0.001	0.022	0.657
0.001	0.001	0.001	0.997
0.001	0.001	0.001	0.997
0.206	0.022	0.001	0.771
0.515	0.001	0.001	0.483
0.193	0.022	0.067	0.718
>TAAGAGTAAT	3-TAAGAGTAAT	11.095419	-9.551198	0	T:14.0(6.64%),B:0.5(0.25%),P:1e-4	Tpos:116.5,Tstd:77.0,Bpos:56.2,Bstd:8.5,StrandBias:1.2,Multiplicity:1.08
0.001	0.001	0.001	0.997
0.997	0.001	0.001	0.001
0.832	0.001	0.001	0.166
0.166	0.001	0.832	0.001
0.832	0.001	0.001	0.166
0.166	0.166	0.667	0.001
0.001	0.001	0.001	0.997
0.997	0.001	0.001	0.001
0.832	0.001	0.001	0.166
0.001	0.001	0.001	0.997
>CTTTTTTAGT	4-CTTTTTTAGT	9.639176	-9.207033	0	T:26.0(12.32%),B:5.7(2.83%),P:1e-3	Tpos:70.6,Tstd:68.4,Bpos:53.1,Bstd:43.2,StrandBias:-1.9,Multiplicity:1.06
0.312	0.599	0.001	0.088
0.088	0.001	0.176	0.735
0.001	0.001	0.001	0.997
0.087	0.001	0.001	0.911
0.001	0.001	0.001	0.997
0.001	0.001	0.001	0.997
0.024	0.176	0.176	0.624
0.911	0.001	0.001	0.087
0.176	0.176	0.536	0.112
0.175	0.001	0.001	0.823
>AAAAGTTTAT	5-AAAAGTTTAT	9.171714	-7.570114	0	T:21.0(9.95%),B:5.0(2.48%),P:1e-3	Tpos:61.0,Tstd:61.9,Bpos:73.4,Bstd:41.2,StrandBias:-0.3,Multiplicity:1.05
0.908	0.001	0.001	0.090
0.997	0.001	0.001	0.001
0.908	0.090	0.001	0.001
0.908	0.001	0.001	0.090
0.001	0.090	0.908	0.001
0.090	0.001	0.001	0.908
0.001	0.001	0.001	0.997
0.090	0.001	0.001	0.908
0.817	0.001	0.001	0.181
0.001	0.091	0.091	0.817
