>TTAGAAAA	1-TTAGAAAA	7.122603	-14.997978	0	T:95.0(45.02%),B:44.0(21.91%),P:1e-6	Tpos:49.6,Tstd:54.8,Bpos:67.3,Bstd:68.8,StrandBias:-0.5,Multiplicity:1.24
0.001	0.001	0.001	0.997
0.001	0.001	0.001	0.997
0.638	0.001	0.001	0.360
0.001	0.001	0.997	0.001
0.814	0.001	0.067	0.118
0.761	0.001	0.001	0.237
0.693	0.001	0.001	0.305
0.852	0.146	0.001	0.001
>TTTTTTDA	2-TTTTTTDA	8.189690	-8.362743	0	T:82.0(38.86%),B:45.6(22.72%),P:1e-3	Tpos:42.0,Tstd:51.6,Bpos:84.0,Bstd:67.1,StrandBias:-0.3,Multiplicity:1.23
0.037	0.001	0.001	0.961
0.001	0.001	0.001	0.997
0.001	0.001	0.001	0.997
0.001	0.001	0.001	0.997
0.007	0.001	0.106	0.886
0.233	0.202	0.040	0.525
0.341	0.001	0.281	0.377
0.634	0.001	0.364	0.001
>AAGTTTAT	3-AAGTTTAT	9.012187	-6.635676	0	T:23.0(10.90%),B:6.8(3.39%),P:1e-2	Tpos:76.5,Tstd:65.8,Bpos:115.8,Bstd:54.0,StrandBias:0.6,Multiplicity:1.14
0.929	0.001	0.069	0.001
0.997	0.001	0.001	0.001
0.001	0.172	0.826	0.001
0.001	0.001	0.001	0.997
0.001	0.001	0.001	0.997
0.001	0.069	0.001	0.929
0.878	0.001	0.001	0.120
0.001	0.029	0.001	0.969
>ACTCTTAC	4-ACTCTTAC	6.291044	-5.670596	0	T:21.0(9.95%),B:7.0(3.48%),P:1e-2	Tpos:110.8,Tstd:65.7,Bpos:85.3,Bstd:34.6,StrandBias:-0.2,Multiplicity:1.30
0.700	0.100	0.100	0.100
0.100	0.700	0.100	0.100
0.100	0.100	0.100	0.700
0.100	0.700	0.100	0.100
0.100	0.100	0.100	0.700
0.100	0.100	0.100	0.700
0.700	0.100	0.100	0.100
0.100	0.700	0.100	0.100
>TTACTCAG	5-TTACTCAG	6.291044	-5.072637	0	T:18.0(8.53%),B:5.8(2.91%),P:1e-2	Tpos:85.1,Tstd:59.3,Bpos:71.8,Bstd:38.0,StrandBias:0.7,Multiplicity:1.17
0.100	0.100	0.100	0.700
0.100	0.100	0.100	0.700
0.700	0.100	0.100	0.100
0.100	0.700	0.100	0.100
0.100	0.100	0.100	0.700
0.100	0.700	0.100	0.100
0.700	0.100	0.100	0.100
0.100	0.100	0.700	0.100
