>TAAATTAAAA	1-TAAATTAAAA	9.889508	-6.140118	0	T:43.0(20.38%),B:39.6(11.27%),P:1e-2	Tpos:34.3,Tstd:42.2,Bpos:38.2,Bstd:40.0,StrandBias:0.9,Multiplicity:1.10
0.001	0.001	0.065	0.933
0.997	0.001	0.001	0.001
0.873	0.001	0.125	0.001
0.997	0.001	0.001	0.001
0.001	0.001	0.001	0.997
0.001	0.001	0.001	0.997
0.997	0.001	0.001	0.001
0.933	0.065	0.001	0.001
0.873	0.125	0.001	0.001
0.797	0.001	0.001	0.201
>CWTAATTAAT	2-CWTAATTAAT	8.588704	-4.802524	0	T:19.0(9.00%),B:13.9(3.96%),P:1e-2	Tpos:44.5,Tstd:36.6,Bpos:74.8,Bstd:41.9,StrandBias:-0.5,Multiplicity:1.11
0.001	0.659	0.339	0.001
0.430	0.001	0.001	0.568
0.001	0.415	0.001	0.583
0.997	0.001	0.001	0.001
0.997	0.001	0.001	0.001
0.001	0.001	0.001	0.997
0.001	0.076	0.001	0.922
0.659	0.339	0.001	0.001
0.997	0.001	0.001	0.001
0.076	0.001	0.001	0.922
>TTTATTAAAA	3-TTTATTAAAA	10.060509	-4.362911	0	T:61.0(28.91%),B:71.7(20.40%),P:1e-1	Tpos:51.2,Tstd:63.2,Bpos:42.9,Bstd:47.5,StrandBias:0.1,Multiplicity:1.05
0.001	0.001	0.001	0.997
0.013	0.001	0.001	0.985
0.001	0.001	0.001	0.997
0.708	0.001	0.001	0.290
0.152	0.256	0.001	0.591
0.320	0.001	0.001	0.678
0.816	0.182	0.001	0.001
0.997	0.001	0.001	0.001
0.816	0.182	0.001	0.001
0.997	0.001	0.001	0.001
>ACACTAGTTG	4-ACACTAGTTG	8.350283	-4.356736	0	T:6.0(2.84%),B:1.7(0.48%),P:1e-1	Tpos:98.2,Tstd:63.9,Bpos:152.3,Bstd:32.2,StrandBias:0.0,Multiplicity:1.00
0.700	0.100	0.100	0.100
0.100	0.700	0.100	0.100
0.700	0.100	0.100	0.100
0.100	0.700	0.100	0.100
0.100	0.100	0.100	0.700
0.700	0.100	0.100	0.100
0.100	0.100	0.700	0.100
0.100	0.100	0.100	0.700
0.100	0.100	0.100	0.700
0.100	0.100	0.700	0.100
>ATTAACGTTA	5-ATTAACGTTA	8.350283	-3.298028	0	T:9.0(4.27%),B:5.7(1.62%),P:1e-1	Tpos:78.3,Tstd:58.6,Bpos:94.3,Bstd:61.7,StrandBias:0.5,Multiplicity:1.00
0.700	0.100	0.100	0.100
0.100	0.100	0.100	0.700
0.100	0.100	0.100	0.700
0.700	0.100	0.100	0.100
0.700	0.100	0.100	0.100
0.100	0.700	0.100	0.100
0.100	0.100	0.700	0.100
0.100	0.100	0.100	0.700
0.100	0.100	0.100	0.700
0.700	0.100	0.100	0.100
