>AAAATTAAATAA	1-AAAATTAAATAA	11.941117	-6.935382	0	T:36.0(17.06%),B:28.4(8.07%),P:1e-3	Tpos:30.2,Tstd:34.7,Bpos:30.1,Bstd:31.1,StrandBias:1.1,Multiplicity:1.11
0.854	0.001	0.001	0.144
0.997	0.001	0.001	0.001
0.879	0.119	0.001	0.001
0.766	0.120	0.001	0.113
0.001	0.001	0.001	0.997
0.001	0.001	0.001	0.997
0.997	0.001	0.001	0.001
0.879	0.001	0.001	0.119
0.997	0.001	0.001	0.001
0.141	0.001	0.001	0.857
0.879	0.001	0.001	0.119
0.879	0.001	0.119	0.001
>TTTTWAAAAAAT	2-TTTTWAAAAAAT	10.888771	-4.233779	0	T:51.0(24.17%),B:57.8(16.45%),P:1e-1	Tpos:51.6,Tstd:63.8,Bpos:49.5,Bstd:53.0,StrandBias:0.3,Multiplicity:1.10
0.104	0.104	0.001	0.791
0.001	0.001	0.001	0.997
0.312	0.001	0.001	0.686
0.214	0.001	0.001	0.784
0.481	0.001	0.001	0.517
0.890	0.001	0.001	0.108
0.839	0.001	0.001	0.159
0.894	0.001	0.001	0.104
0.997	0.001	0.001	0.001
0.997	0.001	0.001	0.001
0.554	0.001	0.104	0.341
0.286	0.001	0.001	0.712
>GTATATTAATTA	3-GTATATTAATTA	10.409522	-3.929819	0	T:11.0(5.21%),B:7.0(1.99%),P:1e-1	Tpos:76.3,Tstd:66.3,Bpos:105.0,Bstd:45.6,StrandBias:0.5,Multiplicity:1.09
0.100	0.100	0.700	0.100
0.100	0.100	0.100	0.700
0.700	0.100	0.100	0.100
0.100	0.100	0.100	0.700
0.700	0.100	0.100	0.100
0.100	0.100	0.100	0.700
0.100	0.100	0.100	0.700
0.700	0.100	0.100	0.100
0.700	0.100	0.100	0.100
0.100	0.100	0.100	0.700
0.100	0.100	0.100	0.700
0.700	0.100	0.100	0.100
>TATRKWAGKAWG	4-TATRKWAGKAWG	7.710853	-2.988752	0	T:12.0(5.69%),B:9.5(2.69%),P:1e-1	Tpos:62.6,Tstd:35.2,Bpos:81.8,Bstd:47.7,StrandBias:0.8,Multiplicity:1.08
0.001	0.001	0.316	0.682
0.471	0.001	0.291	0.236
0.422	0.001	0.001	0.576
0.379	0.143	0.477	0.001
0.001	0.001	0.484	0.514
0.354	0.106	0.106	0.434
0.659	0.105	0.235	0.001
0.354	0.001	0.644	0.001
0.001	0.131	0.489	0.379
0.602	0.001	0.001	0.396
0.423	0.143	0.118	0.317
0.001	0.105	0.893	0.001
>ATATATATTGTG	5-ATATATATTGTG	11.870067	-2.070977	0	T:6.0(2.84%),B:4.7(1.34%),P:1e0	Tpos:50.7,Tstd:11.7,Bpos:79.2,Bstd:56.4,StrandBias:0.3,Multiplicity:1.00
0.997	0.001	0.001	0.001
0.201	0.001	0.001	0.797
0.797	0.001	0.001	0.201
0.001	0.001	0.001	0.997
0.997	0.001	0.001	0.001
0.001	0.001	0.001	0.997
0.742	0.001	0.001	0.256
0.001	0.001	0.201	0.797
0.201	0.001	0.001	0.797
0.028	0.001	0.567	0.404
0.001	0.001	0.001	0.997
0.054	0.001	0.743	0.202
