>TAAATTAAAA	1-TAAATTAAAA	9.004414	-5.919830	0	T:47.0(22.27%),B:45.7(13.00%),P:1e-2	Tpos:37.8,Tstd:46.0,Bpos:39.7,Bstd:41.1,StrandBias:0.8,Multiplicity:1.18
0.001	0.001	0.121	0.877
0.997	0.001	0.001	0.001
0.766	0.001	0.232	0.001
0.997	0.001	0.001	0.001
0.001	0.071	0.001	0.927
0.001	0.001	0.001	0.997
0.997	0.001	0.001	0.001
0.877	0.121	0.001	0.001
0.766	0.232	0.001	0.001
0.936	0.001	0.001	0.062
>ACACTAGTTG	2-ACACTAGTTG	8.350283	-4.356736	0	T:6.0(2.84%),B:1.7(0.48%),P:1e-1	Tpos:98.2,Tstd:63.9,Bpos:152.3,Bstd:32.2,StrandBias:0.0,Multiplicity:1.00
0.700	0.100	0.100	0.100
0.100	0.700	0.100	0.100
0.700	0.100	0.100	0.100
0.100	0.700	0.100	0.100
0.100	0.100	0.100	0.700
0.700	0.100	0.100	0.100
0.100	0.100	0.700	0.100
0.100	0.100	0.100	0.700
0.100	0.100	0.100	0.700
0.100	0.100	0.700	0.100
>SWTAWTTAAT	3-SWTAWTTAAT	8.946266	-4.009487	0	T:24.0(11.37%),B:21.7(6.18%),P:1e-1	Tpos:61.4,Tstd:61.5,Bpos:79.6,Bstd:52.9,StrandBias:-0.9,Multiplicity:1.09
0.001	0.444	0.554	0.001
0.517	0.001	0.001	0.481
0.081	0.318	0.001	0.600
0.997	0.001	0.001	0.001
0.560	0.001	0.001	0.438
0.001	0.001	0.001	0.997
0.040	0.001	0.001	0.958
0.710	0.288	0.001	0.001
0.973	0.001	0.001	0.025
0.077	0.001	0.001	0.921
>TTTTTGAAAA	4-TTTTTGAAAA	9.348588	-3.869525	0	T:56.0(26.54%),B:66.0(18.79%),P:1e-1	Tpos:53.3,Tstd:64.8,Bpos:42.0,Bstd:46.4,StrandBias:-0.3,Multiplicity:1.09
0.050	0.001	0.026	0.923
0.077	0.001	0.032	0.890
0.053	0.027	0.077	0.843
0.149	0.001	0.005	0.845
0.183	0.001	0.015	0.801
0.197	0.051	0.455	0.297
0.742	0.001	0.126	0.131
0.829	0.050	0.001	0.120
0.967	0.001	0.001	0.031
0.750	0.001	0.053	0.196
>ATTAACGTTA	5-ATTAACGTTA	8.350283	-3.298028	0	T:9.0(4.27%),B:5.7(1.62%),P:1e-1	Tpos:78.3,Tstd:58.6,Bpos:94.3,Bstd:61.7,StrandBias:0.5,Multiplicity:1.00
0.700	0.100	0.100	0.100
0.100	0.100	0.100	0.700
0.100	0.100	0.100	0.700
0.700	0.100	0.100	0.100
0.700	0.100	0.100	0.100
0.100	0.700	0.100	0.100
0.100	0.100	0.700	0.100
0.100	0.100	0.100	0.700
0.100	0.100	0.100	0.700
0.700	0.100	0.100	0.100
>AAAATTAAATAA	1-AAAATTAAATAA	11.941117	-6.935382	0	T:36.0(17.06%),B:28.4(8.07%),P:1e-3	Tpos:30.2,Tstd:34.7,Bpos:30.1,Bstd:31.1,StrandBias:1.1,Multiplicity:1.11
0.854	0.001	0.001	0.144
0.997	0.001	0.001	0.001
0.879	0.119	0.001	0.001
0.766	0.120	0.001	0.113
0.001	0.001	0.001	0.997
0.001	0.001	0.001	0.997
0.997	0.001	0.001	0.001
0.879	0.001	0.001	0.119
0.997	0.001	0.001	0.001
0.141	0.001	0.001	0.857
0.879	0.001	0.001	0.119
0.879	0.001	0.119	0.001
>TTTTWAAAAAAT	2-TTTTWAAAAAAT	10.888771	-4.233779	0	T:51.0(24.17%),B:57.8(16.45%),P:1e-1	Tpos:51.6,Tstd:63.8,Bpos:49.5,Bstd:53.0,StrandBias:0.3,Multiplicity:1.10
0.104	0.104	0.001	0.791
0.001	0.001	0.001	0.997
0.312	0.001	0.001	0.686
0.214	0.001	0.001	0.784
0.481	0.001	0.001	0.517
0.890	0.001	0.001	0.108
0.839	0.001	0.001	0.159
0.894	0.001	0.001	0.104
0.997	0.001	0.001	0.001
0.997	0.001	0.001	0.001
0.554	0.001	0.104	0.341
0.286	0.001	0.001	0.712
>GTATATTAATTA	3-GTATATTAATTA	10.409522	-3.929819	0	T:11.0(5.21%),B:7.0(1.99%),P:1e-1	Tpos:76.3,Tstd:66.3,Bpos:105.0,Bstd:45.6,StrandBias:0.5,Multiplicity:1.09
0.100	0.100	0.700	0.100
0.100	0.100	0.100	0.700
0.700	0.100	0.100	0.100
0.100	0.100	0.100	0.700
0.700	0.100	0.100	0.100
0.100	0.100	0.100	0.700
0.100	0.100	0.100	0.700
0.700	0.100	0.100	0.100
0.700	0.100	0.100	0.100
0.100	0.100	0.100	0.700
0.100	0.100	0.100	0.700
0.700	0.100	0.100	0.100
>TATRKWAGKAWG	4-TATRKWAGKAWG	7.710853	-2.988752	0	T:12.0(5.69%),B:9.5(2.69%),P:1e-1	Tpos:62.6,Tstd:35.2,Bpos:81.8,Bstd:47.7,StrandBias:0.8,Multiplicity:1.08
0.001	0.001	0.316	0.682
0.471	0.001	0.291	0.236
0.422	0.001	0.001	0.576
0.379	0.143	0.477	0.001
0.001	0.001	0.484	0.514
0.354	0.106	0.106	0.434
0.659	0.105	0.235	0.001
0.354	0.001	0.644	0.001
0.001	0.131	0.489	0.379
0.602	0.001	0.001	0.396
0.423	0.143	0.118	0.317
0.001	0.105	0.893	0.001
>ATATATATTGTG	5-ATATATATTGTG	11.870067	-2.070977	0	T:6.0(2.84%),B:4.7(1.34%),P:1e0	Tpos:50.7,Tstd:11.7,Bpos:79.2,Bstd:56.4,StrandBias:0.3,Multiplicity:1.00
0.997	0.001	0.001	0.001
0.201	0.001	0.001	0.797
0.797	0.001	0.001	0.201
0.001	0.001	0.001	0.997
0.997	0.001	0.001	0.001
0.001	0.001	0.001	0.997
0.742	0.001	0.001	0.256
0.001	0.001	0.201	0.797
0.201	0.001	0.001	0.797
0.028	0.001	0.567	0.404
0.001	0.001	0.001	0.997
0.054	0.001	0.743	0.202
>ATAGACGA	1-ATAGACGA	8.509757	-5.229167	0	T:7.0(3.32%),B:2.0(0.56%),P:1e-2	Tpos:62.1,Tstd:42.1,Bpos:106.4,Bstd:39.1,StrandBias:-0.7,Multiplicity:1.14
0.997	0.001	0.001	0.001
0.166	0.001	0.166	0.667
0.832	0.001	0.001	0.166
0.001	0.001	0.997	0.001
0.997	0.001	0.001	0.001
0.001	0.997	0.001	0.001
0.001	0.001	0.832	0.166
0.832	0.001	0.166	0.001
>GGTGTTAG	2-GGTGTTAG	9.074438	-4.110285	0	T:7.0(3.32%),B:3.0(0.85%),P:1e-1	Tpos:114.7,Tstd:65.2,Bpos:152.1,Bstd:53.1,StrandBias:2.6,Multiplicity:1.00
0.328	0.001	0.500	0.171
0.001	0.001	0.671	0.327
0.001	0.001	0.001	0.997
0.001	0.001	0.997	0.001
0.001	0.001	0.001	0.997
0.001	0.001	0.001	0.997
0.997	0.001	0.001	0.001
0.171	0.001	0.827	0.001
>TTCCTCAT	3-TTCCTCAT	8.565033	-3.936839	0	T:9.0(4.27%),B:4.1(1.16%),P:1e-1	Tpos:55.6,Tstd:45.1,Bpos:49.2,Bstd:30.6,StrandBias:3.0,Multiplicity:1.00
0.001	0.001	0.001	0.997
0.001	0.001	0.001	0.997
0.001	0.997	0.001	0.001
0.115	0.663	0.001	0.221
0.001	0.001	0.001	0.997
0.001	0.778	0.001	0.220
0.557	0.001	0.221	0.221
0.001	0.001	0.001	0.997
>TTTTTTWA	4-TTTTTTWA	7.758756	-3.157647	0	T:87.0(41.23%),B:118.7(33.78%),P:1e-1	Tpos:44.9,Tstd:53.4,Bpos:54.2,Bstd:51.1,StrandBias:-0.4,Multiplicity:1.30
0.001	0.001	0.001	0.997
0.001	0.001	0.001	0.997
0.001	0.001	0.137	0.861
0.001	0.001	0.001	0.997
0.001	0.001	0.088	0.910
0.001	0.001	0.001	0.997
0.433	0.001	0.001	0.565
0.670	0.001	0.328	0.001
>ACTCTTAC	5-ACTCTTAC	6.196468	-1.913245	0	T:45.0(21.33%),B:61.8(17.57%),P:1e0	Tpos:97.2,Tstd:70.9,Bpos:77.9,Bstd:58.8,StrandBias:-0.4,Multiplicity:1.33
0.859	0.001	0.001	0.139
0.151	0.711	0.092	0.046
0.070	0.070	0.024	0.836
0.143	0.538	0.046	0.273
0.072	0.094	0.070	0.764
0.048	0.092	0.001	0.859
0.927	0.001	0.001	0.071
0.152	0.546	0.092	0.210
