>AAAATTAAATAA	1-AAAATTAAATAA	11.941117	-6.935382	0	T:36.0(17.06%),B:28.4(8.07%),P:1e-3	Tpos:30.2,Tstd:34.7,Bpos:30.1,Bstd:31.1,StrandBias:1.1,Multiplicity:1.11
0.854	0.001	0.001	0.144
0.997	0.001	0.001	0.001
0.879	0.119	0.001	0.001
0.766	0.120	0.001	0.113
0.001	0.001	0.001	0.997
0.001	0.001	0.001	0.997
0.997	0.001	0.001	0.001
0.879	0.001	0.001	0.119
0.997	0.001	0.001	0.001
0.141	0.001	0.001	0.857
0.879	0.001	0.001	0.119
0.879	0.001	0.119	0.001
>TTTTWAAAAAAT	2-TTTTWAAAAAAT	10.888771	-4.233779	0	T:51.0(24.17%),B:57.8(16.45%),P:1e-1	Tpos:51.6,Tstd:63.8,Bpos:49.5,Bstd:53.0,StrandBias:0.3,Multiplicity:1.10
0.104	0.104	0.001	0.791
0.001	0.001	0.001	0.997
0.312	0.001	0.001	0.686
0.214	0.001	0.001	0.784
0.481	0.001	0.001	0.517
0.890	0.001	0.001	0.108
0.839	0.001	0.001	0.159
0.894	0.001	0.001	0.104
0.997	0.001	0.001	0.001
0.997	0.001	0.001	0.001
0.554	0.001	0.104	0.341
0.286	0.001	0.001	0.712
>GTATATTAATTA	3-GTATATTAATTA	10.409522	-3.929819	0	T:11.0(5.21%),B:7.0(1.99%),P:1e-1	Tpos:76.3,Tstd:66.3,Bpos:105.0,Bstd:45.6,StrandBias:0.5,Multiplicity:1.09
0.100	0.100	0.700	0.100
0.100	0.100	0.100	0.700
0.700	0.100	0.100	0.100
0.100	0.100	0.100	0.700
0.700	0.100	0.100	0.100
0.100	0.100	0.100	0.700
0.100	0.100	0.100	0.700
0.700	0.100	0.100	0.100
0.700	0.100	0.100	0.100
0.100	0.100	0.100	0.700
0.100	0.100	0.100	0.700
0.700	0.100	0.100	0.100
>TATRKWAGGAWG	4-TATRKWAGGAWG	7.857750	-2.506766	0	T:11.0(5.21%),B:9.5(2.69%),P:1e-1	Tpos:56.7,Tstd:29.0,Bpos:81.8,Bstd:47.7,StrandBias:1.2,Multiplicity:1.09
0.001	0.001	0.251	0.747
0.561	0.001	0.282	0.156
0.377	0.001	0.001	0.621
0.438	0.184	0.377	0.001
0.001	0.001	0.437	0.561
0.370	0.126	0.001	0.503
0.593	0.126	0.280	0.001
0.370	0.001	0.628	0.001
0.001	0.156	0.531	0.312
0.591	0.001	0.001	0.407
0.438	0.184	0.001	0.377
0.001	0.125	0.873	0.001
>ATATATATTGTG	5-ATATATATTGTG	11.870067	-2.070977	0	T:6.0(2.84%),B:4.7(1.34%),P:1e0	Tpos:50.7,Tstd:11.7,Bpos:79.2,Bstd:56.4,StrandBias:0.3,Multiplicity:1.00
0.997	0.001	0.001	0.001
0.201	0.001	0.001	0.797
0.797	0.001	0.001	0.201
0.001	0.001	0.001	0.997
0.997	0.001	0.001	0.001
0.001	0.001	0.001	0.997
0.742	0.001	0.001	0.256
0.001	0.001	0.201	0.797
0.201	0.001	0.001	0.797
0.028	0.001	0.567	0.404
0.001	0.001	0.001	0.997
0.054	0.001	0.743	0.202
