>TAAATTAAAA	1-TAAATTAAAA	9.004414	-5.919830	0	T:47.0(22.27%),B:45.7(13.00%),P:1e-2	Tpos:37.8,Tstd:46.0,Bpos:39.7,Bstd:41.1,StrandBias:0.8,Multiplicity:1.18
0.001	0.001	0.121	0.877
0.997	0.001	0.001	0.001
0.766	0.001	0.232	0.001
0.997	0.001	0.001	0.001
0.001	0.071	0.001	0.927
0.001	0.001	0.001	0.997
0.997	0.001	0.001	0.001
0.877	0.121	0.001	0.001
0.766	0.232	0.001	0.001
0.936	0.001	0.001	0.062
>ACACTAGTTG	2-ACACTAGTTG	8.350283	-4.356736	0	T:6.0(2.84%),B:1.7(0.48%),P:1e-1	Tpos:98.2,Tstd:63.9,Bpos:152.3,Bstd:32.2,StrandBias:0.0,Multiplicity:1.00
0.700	0.100	0.100	0.100
0.100	0.700	0.100	0.100
0.700	0.100	0.100	0.100
0.100	0.700	0.100	0.100
0.100	0.100	0.100	0.700
0.700	0.100	0.100	0.100
0.100	0.100	0.700	0.100
0.100	0.100	0.100	0.700
0.100	0.100	0.100	0.700
0.100	0.100	0.700	0.100
>SWTAWTTAAT	3-SWTAWTTAAT	8.946266	-4.009487	0	T:24.0(11.37%),B:21.7(6.18%),P:1e-1	Tpos:61.4,Tstd:61.5,Bpos:79.6,Bstd:52.9,StrandBias:-0.9,Multiplicity:1.09
0.001	0.444	0.554	0.001
0.517	0.001	0.001	0.481
0.081	0.318	0.001	0.600
0.997	0.001	0.001	0.001
0.560	0.001	0.001	0.438
0.001	0.001	0.001	0.997
0.040	0.001	0.001	0.958
0.710	0.288	0.001	0.001
0.973	0.001	0.001	0.025
0.077	0.001	0.001	0.921
>TTTTTGAAAA	4-TTTTTGAAAA	9.348588	-3.869525	0	T:56.0(26.54%),B:66.0(18.79%),P:1e-1	Tpos:53.3,Tstd:64.8,Bpos:42.0,Bstd:46.4,StrandBias:-0.3,Multiplicity:1.09
0.050	0.001	0.026	0.923
0.077	0.001	0.032	0.890
0.053	0.027	0.077	0.843
0.149	0.001	0.005	0.845
0.183	0.001	0.015	0.801
0.197	0.051	0.455	0.297
0.742	0.001	0.126	0.131
0.829	0.050	0.001	0.120
0.967	0.001	0.001	0.031
0.750	0.001	0.053	0.196
>ATTAACGTTA	5-ATTAACGTTA	8.350283	-3.298028	0	T:9.0(4.27%),B:5.7(1.62%),P:1e-1	Tpos:78.3,Tstd:58.6,Bpos:94.3,Bstd:61.7,StrandBias:0.5,Multiplicity:1.00
0.700	0.100	0.100	0.100
0.100	0.100	0.100	0.700
0.100	0.100	0.100	0.700
0.700	0.100	0.100	0.100
0.700	0.100	0.100	0.100
0.100	0.700	0.100	0.100
0.100	0.100	0.700	0.100
0.100	0.100	0.100	0.700
0.100	0.100	0.100	0.700
0.700	0.100	0.100	0.100
