>TAAATTAAAA	1-TAAATTAAAA	9.889508	-6.140118	0	T:43.0(20.38%),B:39.6(11.27%),P:1e-2	Tpos:34.3,Tstd:42.2,Bpos:38.2,Bstd:40.0,StrandBias:0.9,Multiplicity:1.10
0.001	0.001	0.065	0.933
0.997	0.001	0.001	0.001
0.873	0.001	0.125	0.001
0.997	0.001	0.001	0.001
0.001	0.001	0.001	0.997
0.001	0.001	0.001	0.997
0.997	0.001	0.001	0.001
0.933	0.065	0.001	0.001
0.873	0.125	0.001	0.001
0.797	0.001	0.001	0.201
>CWTAATTAAT	2-CWTAATTAAT	8.588704	-4.802524	0	T:19.0(9.00%),B:13.9(3.96%),P:1e-2	Tpos:44.5,Tstd:36.6,Bpos:74.8,Bstd:41.9,StrandBias:-0.5,Multiplicity:1.11
0.001	0.659	0.339	0.001
0.430	0.001	0.001	0.568
0.001	0.415	0.001	0.583
0.997	0.001	0.001	0.001
0.997	0.001	0.001	0.001
0.001	0.001	0.001	0.997
0.001	0.076	0.001	0.922
0.659	0.339	0.001	0.001
0.997	0.001	0.001	0.001
0.076	0.001	0.001	0.922
>TTTATTAAAA	3-TTTATTAAAA	10.060509	-4.362911	0	T:61.0(28.91%),B:71.7(20.40%),P:1e-1	Tpos:51.2,Tstd:63.2,Bpos:42.9,Bstd:47.5,StrandBias:0.1,Multiplicity:1.05
0.001	0.001	0.001	0.997
0.013	0.001	0.001	0.985
0.001	0.001	0.001	0.997
0.708	0.001	0.001	0.290
0.152	0.256	0.001	0.591
0.320	0.001	0.001	0.678
0.816	0.182	0.001	0.001
0.997	0.001	0.001	0.001
0.816	0.182	0.001	0.001
0.997	0.001	0.001	0.001
>ACACTAGTTG	4-ACACTAGTTG	8.350283	-4.356736	0	T:6.0(2.84%),B:1.7(0.48%),P:1e-1	Tpos:98.2,Tstd:63.9,Bpos:152.3,Bstd:32.2,StrandBias:0.0,Multiplicity:1.00
0.700	0.100	0.100	0.100
0.100	0.700	0.100	0.100
0.700	0.100	0.100	0.100
0.100	0.700	0.100	0.100
0.100	0.100	0.100	0.700
0.700	0.100	0.100	0.100
0.100	0.100	0.700	0.100
0.100	0.100	0.100	0.700
0.100	0.100	0.100	0.700
0.100	0.100	0.700	0.100
>ATTAACGTTA	5-ATTAACGTTA	8.350283	-3.298028	0	T:9.0(4.27%),B:5.7(1.62%),P:1e-1	Tpos:78.3,Tstd:58.6,Bpos:94.3,Bstd:61.7,StrandBias:0.5,Multiplicity:1.00
0.700	0.100	0.100	0.100
0.100	0.100	0.100	0.700
0.100	0.100	0.100	0.700
0.700	0.100	0.100	0.100
0.700	0.100	0.100	0.100
0.100	0.700	0.100	0.100
0.100	0.100	0.700	0.100
0.100	0.100	0.100	0.700
0.100	0.100	0.100	0.700
0.700	0.100	0.100	0.100
>AAAATTAAATAA	1-AAAATTAAATAA	11.941117	-6.935382	0	T:36.0(17.06%),B:28.4(8.07%),P:1e-3	Tpos:30.2,Tstd:34.7,Bpos:30.1,Bstd:31.1,StrandBias:1.1,Multiplicity:1.11
0.854	0.001	0.001	0.144
0.997	0.001	0.001	0.001
0.879	0.119	0.001	0.001
0.766	0.120	0.001	0.113
0.001	0.001	0.001	0.997
0.001	0.001	0.001	0.997
0.997	0.001	0.001	0.001
0.879	0.001	0.001	0.119
0.997	0.001	0.001	0.001
0.141	0.001	0.001	0.857
0.879	0.001	0.001	0.119
0.879	0.001	0.119	0.001
>TTTTWAAAAAAT	2-TTTTWAAAAAAT	10.888771	-4.233779	0	T:51.0(24.17%),B:57.8(16.45%),P:1e-1	Tpos:51.6,Tstd:63.8,Bpos:49.5,Bstd:53.0,StrandBias:0.3,Multiplicity:1.10
0.104	0.104	0.001	0.791
0.001	0.001	0.001	0.997
0.312	0.001	0.001	0.686
0.214	0.001	0.001	0.784
0.481	0.001	0.001	0.517
0.890	0.001	0.001	0.108
0.839	0.001	0.001	0.159
0.894	0.001	0.001	0.104
0.997	0.001	0.001	0.001
0.997	0.001	0.001	0.001
0.554	0.001	0.104	0.341
0.286	0.001	0.001	0.712
>GTATATTAATTA	3-GTATATTAATTA	10.409522	-3.929819	0	T:11.0(5.21%),B:7.0(1.99%),P:1e-1	Tpos:76.3,Tstd:66.3,Bpos:105.0,Bstd:45.6,StrandBias:0.5,Multiplicity:1.09
0.100	0.100	0.700	0.100
0.100	0.100	0.100	0.700
0.700	0.100	0.100	0.100
0.100	0.100	0.100	0.700
0.700	0.100	0.100	0.100
0.100	0.100	0.100	0.700
0.100	0.100	0.100	0.700
0.700	0.100	0.100	0.100
0.700	0.100	0.100	0.100
0.100	0.100	0.100	0.700
0.100	0.100	0.100	0.700
0.700	0.100	0.100	0.100
>TATRKWAGGAWG	4-TATRKWAGGAWG	7.857750	-2.506766	0	T:11.0(5.21%),B:9.5(2.69%),P:1e-1	Tpos:56.7,Tstd:29.0,Bpos:81.8,Bstd:47.7,StrandBias:1.2,Multiplicity:1.09
0.001	0.001	0.251	0.747
0.561	0.001	0.282	0.156
0.377	0.001	0.001	0.621
0.438	0.184	0.377	0.001
0.001	0.001	0.437	0.561
0.370	0.126	0.001	0.503
0.593	0.126	0.280	0.001
0.370	0.001	0.628	0.001
0.001	0.156	0.531	0.312
0.591	0.001	0.001	0.407
0.438	0.184	0.001	0.377
0.001	0.125	0.873	0.001
>ATATATATTGTG	5-ATATATATTGTG	11.870067	-2.070977	0	T:6.0(2.84%),B:4.7(1.34%),P:1e0	Tpos:50.7,Tstd:11.7,Bpos:79.2,Bstd:56.4,StrandBias:0.3,Multiplicity:1.00
0.997	0.001	0.001	0.001
0.201	0.001	0.001	0.797
0.797	0.001	0.001	0.201
0.001	0.001	0.001	0.997
0.997	0.001	0.001	0.001
0.001	0.001	0.001	0.997
0.742	0.001	0.001	0.256
0.001	0.001	0.201	0.797
0.201	0.001	0.001	0.797
0.028	0.001	0.567	0.404
0.001	0.001	0.001	0.997
0.054	0.001	0.743	0.202
>ATAGACGA	1-ATAGACGA	8.509757	-5.229167	0	T:7.0(3.32%),B:2.0(0.56%),P:1e-2	Tpos:62.1,Tstd:42.1,Bpos:106.4,Bstd:39.1,StrandBias:-0.7,Multiplicity:1.14
0.997	0.001	0.001	0.001
0.166	0.001	0.166	0.667
0.832	0.001	0.001	0.166
0.001	0.001	0.997	0.001
0.997	0.001	0.001	0.001
0.001	0.997	0.001	0.001
0.001	0.001	0.832	0.166
0.832	0.001	0.166	0.001
>GGTGTTAG	2-GGTGTTAG	9.074438	-4.110285	0	T:7.0(3.32%),B:3.0(0.85%),P:1e-1	Tpos:114.7,Tstd:65.2,Bpos:152.1,Bstd:53.1,StrandBias:2.6,Multiplicity:1.00
0.328	0.001	0.500	0.171
0.001	0.001	0.671	0.327
0.001	0.001	0.001	0.997
0.001	0.001	0.997	0.001
0.001	0.001	0.001	0.997
0.001	0.001	0.001	0.997
0.997	0.001	0.001	0.001
0.171	0.001	0.827	0.001
>TTCCTCAT	3-TTCCTCAT	8.565033	-3.936839	0	T:9.0(4.27%),B:4.1(1.16%),P:1e-1	Tpos:55.6,Tstd:45.1,Bpos:49.2,Bstd:30.6,StrandBias:3.0,Multiplicity:1.00
0.001	0.001	0.001	0.997
0.001	0.001	0.001	0.997
0.001	0.997	0.001	0.001
0.115	0.663	0.001	0.221
0.001	0.001	0.001	0.997
0.001	0.778	0.001	0.220
0.557	0.001	0.221	0.221
0.001	0.001	0.001	0.997
>TTTTTTWA	4-TTTTTTWA	7.758756	-3.157647	0	T:87.0(41.23%),B:118.7(33.78%),P:1e-1	Tpos:44.9,Tstd:53.4,Bpos:54.2,Bstd:51.1,StrandBias:-0.4,Multiplicity:1.30
0.001	0.001	0.001	0.997
0.001	0.001	0.001	0.997
0.001	0.001	0.137	0.861
0.001	0.001	0.001	0.997
0.001	0.001	0.088	0.910
0.001	0.001	0.001	0.997
0.433	0.001	0.001	0.565
0.670	0.001	0.328	0.001
>ACTCTTAC	5-ACTCTTAC	6.196468	-1.913245	0	T:45.0(21.33%),B:61.8(17.57%),P:1e0	Tpos:97.2,Tstd:70.9,Bpos:77.9,Bstd:58.8,StrandBias:-0.4,Multiplicity:1.33
0.859	0.001	0.001	0.139
0.151	0.711	0.092	0.046
0.070	0.070	0.024	0.836
0.143	0.538	0.046	0.273
0.072	0.094	0.070	0.764
0.048	0.092	0.001	0.859
0.927	0.001	0.001	0.071
0.152	0.546	0.092	0.210
