>ATAGACGA	1-ATAGACGA	8.509757	-5.229167	0	T:7.0(3.32%),B:2.0(0.56%),P:1e-2	Tpos:62.1,Tstd:42.1,Bpos:106.4,Bstd:39.1,StrandBias:-0.7,Multiplicity:1.14
0.997	0.001	0.001	0.001
0.166	0.001	0.166	0.667
0.832	0.001	0.001	0.166
0.001	0.001	0.997	0.001
0.997	0.001	0.001	0.001
0.001	0.997	0.001	0.001
0.001	0.001	0.832	0.166
0.832	0.001	0.166	0.001
>GGTGTTAG	2-GGTGTTAG	9.074438	-4.110285	0	T:7.0(3.32%),B:3.0(0.85%),P:1e-1	Tpos:114.7,Tstd:65.2,Bpos:152.1,Bstd:53.1,StrandBias:2.6,Multiplicity:1.00
0.328	0.001	0.500	0.171
0.001	0.001	0.671	0.327
0.001	0.001	0.001	0.997
0.001	0.001	0.997	0.001
0.001	0.001	0.001	0.997
0.001	0.001	0.001	0.997
0.997	0.001	0.001	0.001
0.171	0.001	0.827	0.001
>TTCCTCAT	3-TTCCTCAT	8.565033	-3.936839	0	T:9.0(4.27%),B:4.1(1.16%),P:1e-1	Tpos:55.6,Tstd:45.1,Bpos:49.2,Bstd:30.6,StrandBias:3.0,Multiplicity:1.00
0.001	0.001	0.001	0.997
0.001	0.001	0.001	0.997
0.001	0.997	0.001	0.001
0.115	0.663	0.001	0.221
0.001	0.001	0.001	0.997
0.001	0.778	0.001	0.220
0.557	0.001	0.221	0.221
0.001	0.001	0.001	0.997
>TTTTTTWA	4-TTTTTTWA	7.758756	-3.157647	0	T:87.0(41.23%),B:118.7(33.78%),P:1e-1	Tpos:44.9,Tstd:53.4,Bpos:54.2,Bstd:51.1,StrandBias:-0.4,Multiplicity:1.30
0.001	0.001	0.001	0.997
0.001	0.001	0.001	0.997
0.001	0.001	0.137	0.861
0.001	0.001	0.001	0.997
0.001	0.001	0.088	0.910
0.001	0.001	0.001	0.997
0.433	0.001	0.001	0.565
0.670	0.001	0.328	0.001
>ACTCTTAC	5-ACTCTTAC	6.196468	-1.913245	0	T:45.0(21.33%),B:61.8(17.57%),P:1e0	Tpos:97.2,Tstd:70.9,Bpos:77.9,Bstd:58.8,StrandBias:-0.4,Multiplicity:1.33
0.859	0.001	0.001	0.139
0.151	0.711	0.092	0.046
0.070	0.070	0.024	0.836
0.143	0.538	0.046	0.273
0.072	0.094	0.070	0.764
0.048	0.092	0.001	0.859
0.927	0.001	0.001	0.071
0.152	0.546	0.092	0.210
