>TTTCCAAAAT	1-TTTCCAAAAT	8.350283	-9.086374	0	T:113.0(19.79%),B:84.4(12.13%),P:1e-3	Tpos:61.8,Tstd:68.2,Bpos:55.8,Bstd:69.2,StrandBias:0.4,Multiplicity:1.03
0.100	0.100	0.100	0.700
0.100	0.100	0.100	0.700
0.100	0.100	0.100	0.700
0.100	0.700	0.100	0.100
0.100	0.700	0.100	0.100
0.700	0.100	0.100	0.100
0.700	0.100	0.100	0.100
0.700	0.100	0.100	0.100
0.700	0.100	0.100	0.100
0.100	0.100	0.100	0.700
>TTATTGAGGA	2-TTATTGAGGA	8.350283	-6.202807	0	T:17.0(2.98%),B:5.9(0.84%),P:1e-2	Tpos:102.4,Tstd:60.3,Bpos:96.5,Bstd:79.0,StrandBias:0.9,Multiplicity:1.06
0.100	0.100	0.100	0.700
0.100	0.100	0.100	0.700
0.700	0.100	0.100	0.100
0.100	0.100	0.100	0.700
0.100	0.100	0.100	0.700
0.100	0.100	0.700	0.100
0.700	0.100	0.100	0.100
0.100	0.100	0.700	0.100
0.100	0.100	0.700	0.100
0.700	0.100	0.100	0.100
>ACATTAGTTG	3-ACATTAGTTG	8.350283	-5.701978	0	T:13.0(2.28%),B:3.3(0.47%),P:1e-2	Tpos:122.8,Tstd:59.9,Bpos:100.0,Bstd:46.8,StrandBias:1.2,Multiplicity:1.00
0.700	0.100	0.100	0.100
0.100	0.700	0.100	0.100
0.700	0.100	0.100	0.100
0.100	0.100	0.100	0.700
0.100	0.100	0.100	0.700
0.700	0.100	0.100	0.100
0.100	0.100	0.700	0.100
0.100	0.100	0.100	0.700
0.100	0.100	0.100	0.700
0.100	0.100	0.700	0.100
>AATCATATGT	4-AATCATATGT	9.426376	-5.630594	0	T:35.0(6.13%),B:20.0(2.88%),P:1e-2	Tpos:114.4,Tstd:62.3,Bpos:105.0,Bstd:67.2,StrandBias:0.5,Multiplicity:1.09
0.821	0.001	0.001	0.177
0.905	0.001	0.001	0.093
0.093	0.013	0.001	0.893
0.127	0.528	0.066	0.279
0.899	0.001	0.001	0.099
0.174	0.001	0.060	0.765
0.717	0.001	0.058	0.224
0.086	0.029	0.029	0.856
0.128	0.084	0.720	0.068
0.033	0.013	0.029	0.925
>CTTATTGCTT	5-CTTATTGCTT	8.350283	-5.196164	0	T:18.0(3.15%),B:7.5(1.07%),P:1e-2	Tpos:133.2,Tstd:63.8,Bpos:187.1,Bstd:35.1,StrandBias:-0.3,Multiplicity:1.00
0.100	0.700	0.100	0.100
0.100	0.100	0.100	0.700
0.100	0.100	0.100	0.700
0.700	0.100	0.100	0.100
0.100	0.100	0.100	0.700
0.100	0.100	0.100	0.700
0.100	0.100	0.700	0.100
0.100	0.700	0.100	0.100
0.100	0.100	0.100	0.700
0.100	0.100	0.100	0.700
>AAATAAAAAAAA	1-AAATAAAAAAAA	11.965141	-14.365053	0	T:97.0(16.99%),B:55.7(8.00%),P:1e-6	Tpos:80.2,Tstd:64.3,Bpos:82.2,Bstd:65.8,StrandBias:0.2,Multiplicity:1.12
0.969	0.001	0.029	0.001
0.966	0.001	0.032	0.001
0.997	0.001	0.001	0.001
0.110	0.001	0.060	0.829
0.888	0.001	0.001	0.110
0.947	0.001	0.001	0.051
0.969	0.029	0.001	0.001
0.793	0.030	0.033	0.144
0.997	0.001	0.001	0.001
0.808	0.001	0.030	0.161
0.938	0.001	0.060	0.001
0.938	0.001	0.060	0.001
>GTCTATTAAAAT	2-GTCTATTAAAAT	12.786738	-8.820586	0	T:11.0(1.93%),B:0.0(0.00%),P:1e-3	Tpos:86.5,Tstd:73.7,Bpos:0.0,Bstd:0.0,StrandBias:-0.3,Multiplicity:1.00
0.149	0.001	0.701	0.149
0.001	0.001	0.001	0.997
0.299	0.494	0.093	0.114
0.001	0.001	0.149	0.849
0.849	0.001	0.001	0.149
0.067	0.001	0.001	0.931
0.001	0.149	0.001	0.849
0.997	0.001	0.001	0.001
0.803	0.001	0.001	0.195
0.849	0.001	0.001	0.149
0.849	0.001	0.001	0.149
0.001	0.001	0.001	0.997
>AAATCWTATATA	3-AAATCWTATATA	11.645347	-8.626923	0	T:37.0(6.48%),B:16.9(2.43%),P:1e-3	Tpos:90.1,Tstd:63.6,Bpos:107.5,Bstd:72.0,StrandBias:-0.7,Multiplicity:1.03
0.968	0.001	0.030	0.001
0.931	0.001	0.001	0.067
0.865	0.067	0.001	0.067
0.201	0.001	0.001	0.797
0.155	0.791	0.001	0.053
0.514	0.001	0.067	0.418
0.145	0.067	0.001	0.787
0.856	0.001	0.009	0.134
0.001	0.001	0.134	0.864
0.931	0.001	0.067	0.001
0.001	0.143	0.001	0.855
0.923	0.075	0.001	0.001
>TTTTTTAGARAT	4-TTTTTTAGARAT	12.346606	-5.394738	0	T:17.0(2.98%),B:6.2(0.89%),P:1e-2	Tpos:31.4,Tstd:24.0,Bpos:17.5,Bstd:2.5,StrandBias:2.7,Multiplicity:1.00
0.114	0.016	0.082	0.788
0.125	0.033	0.015	0.827
0.095	0.040	0.034	0.831
0.186	0.083	0.024	0.707
0.041	0.024	0.033	0.902
0.190	0.001	0.040	0.769
0.849	0.044	0.016	0.091
0.217	0.018	0.493	0.272
0.815	0.001	0.067	0.117
0.282	0.033	0.419	0.266
0.768	0.074	0.016	0.142
0.091	0.016	0.040	0.853
>TTCTCTATTTTA	5-TTCTCTATTTTA	10.409522	-5.084444	0	T:15.0(2.63%),B:5.2(0.75%),P:1e-2	Tpos:113.1,Tstd:75.5,Bpos:93.0,Bstd:29.0,StrandBias:0.4,Multiplicity:1.00
0.100	0.100	0.100	0.700
0.100	0.100	0.100	0.700
0.100	0.700	0.100	0.100
0.100	0.100	0.100	0.700
0.100	0.700	0.100	0.100
0.100	0.100	0.100	0.700
0.700	0.100	0.100	0.100
0.100	0.100	0.100	0.700
0.100	0.100	0.100	0.700
0.100	0.100	0.100	0.700
0.100	0.100	0.100	0.700
0.700	0.100	0.100	0.100
>CCTTTSTG	1-CCTTTSTG	6.635291	-9.151303	0	T:42.0(7.36%),B:19.6(2.81%),P:1e-3	Tpos:98.7,Tstd:56.3,Bpos:118.9,Bstd:60.4,StrandBias:-1.0,Multiplicity:1.07
0.273	0.725	0.001	0.001
0.001	0.842	0.001	0.156
0.001	0.001	0.065	0.933
0.001	0.001	0.001	0.997
0.345	0.001	0.001	0.653
0.001	0.402	0.453	0.144
0.209	0.001	0.001	0.789
0.187	0.080	0.732	0.001
>NTTGTTMD	2-NTTGTTMD	5.193605	-7.072314	0	T:23.0(4.03%),B:8.0(1.15%),P:1e-3	Tpos:108.7,Tstd:58.5,Bpos:97.8,Bstd:47.1,StrandBias:0.1,Multiplicity:1.09
0.249	0.261	0.200	0.291
0.159	0.109	0.088	0.644
0.205	0.121	0.076	0.598
0.158	0.166	0.503	0.173
0.179	0.099	0.112	0.610
0.198	0.092	0.085	0.625
0.276	0.421	0.150	0.153
0.230	0.197	0.218	0.355
>ACTAATGT	3-ACTAATGT	7.154336	-5.939185	0	T:15.0(2.63%),B:4.5(0.65%),P:1e-2	Tpos:121.0,Tstd:65.4,Bpos:158.7,Bstd:61.1,StrandBias:0.0,Multiplicity:1.07
0.997	0.001	0.001	0.001
0.001	0.997	0.001	0.001
0.001	0.141	0.001	0.857
0.857	0.001	0.141	0.001
0.997	0.001	0.001	0.001
0.001	0.001	0.001	0.997
0.001	0.001	0.997	0.001
0.001	0.001	0.001	0.997
>AGRTATAG	4-AGRTATAG	8.016186	-5.921036	0	T:31.0(5.43%),B:16.1(2.31%),P:1e-2	Tpos:125.9,Tstd:53.1,Bpos:118.2,Bstd:47.7,StrandBias:2.1,Multiplicity:1.03
0.997	0.001	0.001	0.001
0.001	0.001	0.997	0.001
0.447	0.164	0.389	0.001
0.001	0.001	0.001	0.997
0.997	0.001	0.001	0.001
0.121	0.001	0.001	0.877
0.997	0.001	0.001	0.001
0.001	0.001	0.997	0.001
>TCAATGTT	5-TCAATGTT	7.125422	-5.684891	0	T:93.0(16.29%),B:76.6(11.01%),P:1e-2	Tpos:132.8,Tstd:68.1,Bpos:141.4,Bstd:66.9,StrandBias:0.2,Multiplicity:1.11
0.116	0.077	0.035	0.772
0.134	0.662	0.106	0.098
0.846	0.001	0.038	0.115
0.886	0.035	0.038	0.041
0.057	0.038	0.070	0.835
0.116	0.297	0.481	0.106
0.066	0.161	0.001	0.772
0.001	0.140	0.070	0.789
