>TAKAAAAAAATT	1-TAKAAAAAAATT	11.804932	-40.015393	0	T:95.0(16.64%),B:3.6(1.01%),P:1e-17	Tpos:35.3,Tstd:47.8,Bpos:138.2,Bstd:69.8,StrandBias:-0.9,Multiplicity:1.14
0.001	0.027	0.001	0.971
0.971	0.001	0.001	0.027
0.027	0.001	0.549	0.423
0.916	0.001	0.001	0.082
0.685	0.090	0.001	0.224
0.988	0.001	0.001	0.010
0.971	0.001	0.001	0.027
0.913	0.027	0.059	0.001
0.960	0.038	0.001	0.001
0.596	0.055	0.001	0.348
0.001	0.031	0.027	0.941
0.001	0.001	0.001	0.997
>WTTTTTTAAAAT	2-WTTTTTTAAAAT	12.279675	-24.620976	0	T:90.0(15.76%),B:10.0(2.81%),P:1e-10	Tpos:38.1,Tstd:47.8,Bpos:97.8,Bstd:78.3,StrandBias:-0.1,Multiplicity:1.02
0.454	0.007	0.001	0.538
0.076	0.001	0.036	0.887
0.035	0.001	0.001	0.963
0.144	0.007	0.001	0.848
0.130	0.007	0.001	0.862
0.100	0.289	0.001	0.610
0.094	0.001	0.001	0.904
0.718	0.007	0.007	0.268
0.809	0.001	0.001	0.189
0.901	0.001	0.001	0.097
0.635	0.015	0.015	0.335
0.247	0.007	0.015	0.731
>TAAAATTTTAKW	3-TAAAATTTTAKW	11.366747	-23.478500	0	T:134.0(23.47%),B:27.7(7.76%),P:1e-10	Tpos:49.6,Tstd:56.1,Bpos:67.9,Bstd:59.8,StrandBias:-0.5,Multiplicity:1.07
0.051	0.001	0.001	0.947
0.973	0.001	0.001	0.025
0.898	0.001	0.001	0.100
0.949	0.025	0.025	0.001
0.812	0.001	0.051	0.136
0.246	0.001	0.001	0.752
0.025	0.001	0.025	0.949
0.099	0.025	0.001	0.875
0.001	0.001	0.001	0.997
0.922	0.001	0.001	0.076
0.065	0.052	0.375	0.508
0.405	0.077	0.077	0.441
>AWAATTTTTYTA	4-AWAATTTTTYTA	14.237120	-11.863533	0	T:37.0(6.48%),B:3.6(1.00%),P:1e-5	Tpos:37.5,Tstd:46.5,Bpos:16.0,Bstd:0.0,StrandBias:-0.1,Multiplicity:1.03
0.997	0.001	0.001	0.001
0.564	0.001	0.001	0.434
0.997	0.001	0.001	0.001
0.651	0.347	0.001	0.001
0.001	0.001	0.001	0.997
0.001	0.001	0.001	0.997
0.001	0.001	0.001	0.997
0.001	0.001	0.001	0.997
0.001	0.001	0.001	0.997
0.001	0.521	0.001	0.477
0.001	0.001	0.001	0.997
0.997	0.001	0.001	0.001
>AATAATTCATTA	5-AATAATTCATTA	10.409522	-10.413011	0	T:30.0(5.25%),B:2.6(0.74%),P:1e-4	Tpos:100.3,Tstd:79.2,Bpos:64.6,Bstd:53.9,StrandBias:0.3,Multiplicity:1.03
0.700	0.100	0.100	0.100
0.700	0.100	0.100	0.100
0.100	0.100	0.100	0.700
0.700	0.100	0.100	0.100
0.700	0.100	0.100	0.100
0.100	0.100	0.100	0.700
0.100	0.100	0.100	0.700
0.100	0.700	0.100	0.100
0.700	0.100	0.100	0.100
0.100	0.100	0.100	0.700
0.100	0.100	0.100	0.700
0.700	0.100	0.100	0.100
