>CCTTTSTG	1-CCTTTSTG	6.635291	-9.151303	0	T:42.0(7.36%),B:19.6(2.81%),P:1e-3	Tpos:98.7,Tstd:56.3,Bpos:118.9,Bstd:60.4,StrandBias:-1.0,Multiplicity:1.07
0.273	0.725	0.001	0.001
0.001	0.842	0.001	0.156
0.001	0.001	0.065	0.933
0.001	0.001	0.001	0.997
0.345	0.001	0.001	0.653
0.001	0.402	0.453	0.144
0.209	0.001	0.001	0.789
0.187	0.080	0.732	0.001
>NTTGTTMD	2-NTTGTTMD	5.193605	-7.072314	0	T:23.0(4.03%),B:8.0(1.15%),P:1e-3	Tpos:108.7,Tstd:58.5,Bpos:97.8,Bstd:47.1,StrandBias:0.1,Multiplicity:1.09
0.249	0.261	0.200	0.291
0.159	0.109	0.088	0.644
0.205	0.121	0.076	0.598
0.158	0.166	0.503	0.173
0.179	0.099	0.112	0.610
0.198	0.092	0.085	0.625
0.276	0.421	0.150	0.153
0.230	0.197	0.218	0.355
>ACTAATGT	3-ACTAATGT	7.154336	-5.939185	0	T:15.0(2.63%),B:4.5(0.65%),P:1e-2	Tpos:121.0,Tstd:65.4,Bpos:158.7,Bstd:61.1,StrandBias:0.0,Multiplicity:1.07
0.997	0.001	0.001	0.001
0.001	0.997	0.001	0.001
0.001	0.141	0.001	0.857
0.857	0.001	0.141	0.001
0.997	0.001	0.001	0.001
0.001	0.001	0.001	0.997
0.001	0.001	0.997	0.001
0.001	0.001	0.001	0.997
>AGRTATAG	4-AGRTATAG	8.016186	-5.921036	0	T:31.0(5.43%),B:16.1(2.31%),P:1e-2	Tpos:125.9,Tstd:53.1,Bpos:118.2,Bstd:47.7,StrandBias:2.1,Multiplicity:1.03
0.997	0.001	0.001	0.001
0.001	0.001	0.997	0.001
0.447	0.164	0.389	0.001
0.001	0.001	0.001	0.997
0.997	0.001	0.001	0.001
0.121	0.001	0.001	0.877
0.997	0.001	0.001	0.001
0.001	0.001	0.997	0.001
>TCAATGTT	5-TCAATGTT	7.125422	-5.684891	0	T:93.0(16.29%),B:76.6(11.01%),P:1e-2	Tpos:132.8,Tstd:68.1,Bpos:141.4,Bstd:66.9,StrandBias:0.2,Multiplicity:1.11
0.116	0.077	0.035	0.772
0.134	0.662	0.106	0.098
0.846	0.001	0.038	0.115
0.886	0.035	0.038	0.041
0.057	0.038	0.070	0.835
0.116	0.297	0.481	0.106
0.066	0.161	0.001	0.772
0.001	0.140	0.070	0.789
