>ATTTTMGAAA	1-ATTTTMGAAA	9.350176	-26.232166	0	T:103.0(18.04%),B:13.8(3.86%),P:1e-11	Tpos:32.2,Tstd:47.0,Bpos:68.1,Bstd:78.1,StrandBias:0.2,Multiplicity:1.03
0.723	0.033	0.028	0.216
0.151	0.052	0.061	0.736
0.100	0.049	0.028	0.823
0.123	0.044	0.025	0.808
0.218	0.090	0.023	0.669
0.294	0.423	0.078	0.205
0.157	0.066	0.465	0.312
0.791	0.016	0.067	0.126
0.798	0.035	0.030	0.137
0.770	0.052	0.038	0.140
>TAATTTTTTT	2-TAATTTTTTT	9.557777	-26.203004	0	T:242.0(42.38%),B:74.2(20.78%),P:1e-11	Tpos:62.7,Tstd:68.2,Bpos:81.0,Bstd:74.9,StrandBias:-0.3,Multiplicity:1.27
0.090	0.001	0.001	0.908
0.963	0.035	0.001	0.001
0.841	0.001	0.060	0.098
0.190	0.001	0.001	0.808
0.001	0.001	0.033	0.965
0.001	0.001	0.001	0.997
0.001	0.001	0.001	0.997
0.104	0.001	0.001	0.894
0.001	0.113	0.001	0.885
0.001	0.001	0.001	0.997
>ATTTAGGAAG	3-ATTTAGGAAG	8.350283	-12.299476	0	T:38.0(6.65%),B:3.9(1.09%),P:1e-5	Tpos:99.1,Tstd:74.7,Bpos:122.8,Bstd:29.9,StrandBias:0.3,Multiplicity:1.05
0.700	0.100	0.100	0.100
0.100	0.100	0.100	0.700
0.100	0.100	0.100	0.700
0.100	0.100	0.100	0.700
0.700	0.100	0.100	0.100
0.100	0.100	0.700	0.100
0.100	0.100	0.700	0.100
0.700	0.100	0.100	0.100
0.700	0.100	0.100	0.100
0.100	0.100	0.700	0.100
>AATAGAACAA	4-AATAGAACAA	8.350283	-9.308526	0	T:46.0(8.06%),B:8.1(2.26%),P:1e-4	Tpos:123.6,Tstd:69.1,Bpos:165.7,Bstd:62.8,StrandBias:-0.2,Multiplicity:1.04
0.700	0.100	0.100	0.100
0.700	0.100	0.100	0.100
0.100	0.100	0.100	0.700
0.700	0.100	0.100	0.100
0.100	0.100	0.700	0.100
0.700	0.100	0.100	0.100
0.700	0.100	0.100	0.100
0.100	0.700	0.100	0.100
0.700	0.100	0.100	0.100
0.700	0.100	0.100	0.100
>AATCATATGT	5-AATCATATGT	8.350283	-8.400480	0	T:32.0(5.60%),B:4.4(1.23%),P:1e-3	Tpos:101.1,Tstd:51.0,Bpos:98.7,Bstd:64.5,StrandBias:0.5,Multiplicity:1.03
0.700	0.100	0.100	0.100
0.700	0.100	0.100	0.100
0.100	0.100	0.100	0.700
0.100	0.700	0.100	0.100
0.700	0.100	0.100	0.100
0.100	0.100	0.100	0.700
0.700	0.100	0.100	0.100
0.100	0.100	0.100	0.700
0.100	0.100	0.700	0.100
0.100	0.100	0.100	0.700
