>TCTAGAAT	1-TCTAGAAT	7.319522	-20.704526	0	T:129.0(22.59%),B:28.8(8.05%),P:1e-8	Tpos:69.2,Tstd:72.0,Bpos:75.8,Bstd:68.6,StrandBias:0.1,Multiplicity:1.06
0.001	0.143	0.001	0.855
0.001	0.700	0.298	0.001
0.001	0.071	0.357	0.571
0.855	0.001	0.143	0.001
0.111	0.001	0.887	0.001
0.997	0.001	0.001	0.001
0.855	0.143	0.001	0.001
0.001	0.001	0.001	0.997
>ARAACARA	2-ARAACARA	8.423943	-13.839441	0	T:80.0(14.01%),B:16.0(4.49%),P:1e-6	Tpos:102.8,Tstd:63.7,Bpos:102.2,Bstd:59.7,StrandBias:-0.1,Multiplicity:1.09
0.978	0.001	0.001	0.020
0.437	0.001	0.561	0.001
0.997	0.001	0.001	0.001
0.997	0.001	0.001	0.001
0.001	0.993	0.005	0.001
0.997	0.001	0.001	0.001
0.497	0.001	0.501	0.001
0.720	0.001	0.020	0.259
>AACTTTTT	3-AACTTTTT	9.013597	-11.558541	0	T:358.0(62.70%),B:172.0(48.18%),P:1e-5	Tpos:55.6,Tstd:65.9,Bpos:78.2,Bstd:91.8,StrandBias:-0.1,Multiplicity:1.41
0.997	0.001	0.001	0.001
0.997	0.001	0.001	0.001
0.128	0.731	0.001	0.140
0.001	0.001	0.001	0.997
0.001	0.001	0.001	0.997
0.001	0.001	0.001	0.997
0.001	0.001	0.001	0.997
0.001	0.001	0.001	0.997
>TCATACAA	4-TCATACAA	7.584729	-10.705138	0	T:44.0(7.71%),B:6.3(1.76%),P:1e-4	Tpos:112.1,Tstd:62.4,Bpos:177.0,Bstd:56.4,StrandBias:-0.1,Multiplicity:1.14
0.001	0.133	0.089	0.777
0.001	0.734	0.001	0.264
0.798	0.001	0.200	0.001
0.001	0.001	0.200	0.798
0.910	0.088	0.001	0.001
0.001	0.997	0.001	0.001
0.798	0.200	0.001	0.001
0.997	0.001	0.001	0.001
>TTASGTAA	5-TTASGTAA	8.069587	-7.703736	0	T:36.0(6.30%),B:6.5(1.81%),P:1e-3	Tpos:103.6,Tstd:64.0,Bpos:120.5,Bstd:39.7,StrandBias:0.7,Multiplicity:1.03
0.001	0.001	0.001	0.997
0.126	0.001	0.031	0.842
0.787	0.001	0.040	0.172
0.040	0.445	0.514	0.001
0.001	0.001	0.997	0.001
0.001	0.001	0.001	0.997
0.997	0.001	0.001	0.001
0.663	0.335	0.001	0.001
