>AAATAAAAAAAA	1-AAATAAAAAAAA	11.965141	-14.365053	0	T:97.0(16.99%),B:55.7(8.00%),P:1e-6	Tpos:80.2,Tstd:64.3,Bpos:82.2,Bstd:65.8,StrandBias:0.2,Multiplicity:1.12
0.969	0.001	0.029	0.001
0.966	0.001	0.032	0.001
0.997	0.001	0.001	0.001
0.110	0.001	0.060	0.829
0.888	0.001	0.001	0.110
0.947	0.001	0.001	0.051
0.969	0.029	0.001	0.001
0.793	0.030	0.033	0.144
0.997	0.001	0.001	0.001
0.808	0.001	0.030	0.161
0.938	0.001	0.060	0.001
0.938	0.001	0.060	0.001
>GTCTATTAAAAT	2-GTCTATTAAAAT	12.786738	-8.820586	0	T:11.0(1.93%),B:0.0(0.00%),P:1e-3	Tpos:86.5,Tstd:73.7,Bpos:0.0,Bstd:0.0,StrandBias:-0.3,Multiplicity:1.00
0.149	0.001	0.701	0.149
0.001	0.001	0.001	0.997
0.299	0.494	0.093	0.114
0.001	0.001	0.149	0.849
0.849	0.001	0.001	0.149
0.067	0.001	0.001	0.931
0.001	0.149	0.001	0.849
0.997	0.001	0.001	0.001
0.803	0.001	0.001	0.195
0.849	0.001	0.001	0.149
0.849	0.001	0.001	0.149
0.001	0.001	0.001	0.997
>AAATCWTATATA	3-AAATCWTATATA	11.645347	-8.626923	0	T:37.0(6.48%),B:16.9(2.43%),P:1e-3	Tpos:90.1,Tstd:63.6,Bpos:107.5,Bstd:72.0,StrandBias:-0.7,Multiplicity:1.03
0.968	0.001	0.030	0.001
0.931	0.001	0.001	0.067
0.865	0.067	0.001	0.067
0.201	0.001	0.001	0.797
0.155	0.791	0.001	0.053
0.514	0.001	0.067	0.418
0.145	0.067	0.001	0.787
0.856	0.001	0.009	0.134
0.001	0.001	0.134	0.864
0.931	0.001	0.067	0.001
0.001	0.143	0.001	0.855
0.923	0.075	0.001	0.001
>TTTTTTAGARAT	4-TTTTTTAGARAT	12.346606	-5.394738	0	T:17.0(2.98%),B:6.2(0.89%),P:1e-2	Tpos:31.4,Tstd:24.0,Bpos:17.5,Bstd:2.5,StrandBias:2.7,Multiplicity:1.00
0.114	0.016	0.082	0.788
0.125	0.033	0.015	0.827
0.095	0.040	0.034	0.831
0.186	0.083	0.024	0.707
0.041	0.024	0.033	0.902
0.190	0.001	0.040	0.769
0.849	0.044	0.016	0.091
0.217	0.018	0.493	0.272
0.815	0.001	0.067	0.117
0.282	0.033	0.419	0.266
0.768	0.074	0.016	0.142
0.091	0.016	0.040	0.853
>TTCTCTATTTTA	5-TTCTCTATTTTA	10.409522	-5.084444	0	T:15.0(2.63%),B:5.2(0.75%),P:1e-2	Tpos:113.1,Tstd:75.5,Bpos:93.0,Bstd:29.0,StrandBias:0.4,Multiplicity:1.00
0.100	0.100	0.100	0.700
0.100	0.100	0.100	0.700
0.100	0.700	0.100	0.100
0.100	0.100	0.100	0.700
0.100	0.700	0.100	0.100
0.100	0.100	0.100	0.700
0.700	0.100	0.100	0.100
0.100	0.100	0.100	0.700
0.100	0.100	0.100	0.700
0.100	0.100	0.100	0.700
0.100	0.100	0.100	0.700
0.700	0.100	0.100	0.100
