>ATTTTMGAAA	1-ATTTTMGAAA	9.350176	-26.232166	0	T:103.0(18.04%),B:13.8(3.86%),P:1e-11	Tpos:32.2,Tstd:47.0,Bpos:68.1,Bstd:78.1,StrandBias:0.2,Multiplicity:1.03
0.723	0.033	0.028	0.216
0.151	0.052	0.061	0.736
0.100	0.049	0.028	0.823
0.123	0.044	0.025	0.808
0.218	0.090	0.023	0.669
0.294	0.423	0.078	0.205
0.157	0.066	0.465	0.312
0.791	0.016	0.067	0.126
0.798	0.035	0.030	0.137
0.770	0.052	0.038	0.140
>TAATTTTTTT	2-TAATTTTTTT	9.557777	-26.203004	0	T:242.0(42.38%),B:74.2(20.78%),P:1e-11	Tpos:62.7,Tstd:68.2,Bpos:81.0,Bstd:74.9,StrandBias:-0.3,Multiplicity:1.27
0.090	0.001	0.001	0.908
0.963	0.035	0.001	0.001
0.841	0.001	0.060	0.098
0.190	0.001	0.001	0.808
0.001	0.001	0.033	0.965
0.001	0.001	0.001	0.997
0.001	0.001	0.001	0.997
0.104	0.001	0.001	0.894
0.001	0.113	0.001	0.885
0.001	0.001	0.001	0.997
>ATTTAGGAAG	3-ATTTAGGAAG	8.350283	-12.299476	0	T:38.0(6.65%),B:3.9(1.09%),P:1e-5	Tpos:99.1,Tstd:74.7,Bpos:122.8,Bstd:29.9,StrandBias:0.3,Multiplicity:1.05
0.700	0.100	0.100	0.100
0.100	0.100	0.100	0.700
0.100	0.100	0.100	0.700
0.100	0.100	0.100	0.700
0.700	0.100	0.100	0.100
0.100	0.100	0.700	0.100
0.100	0.100	0.700	0.100
0.700	0.100	0.100	0.100
0.700	0.100	0.100	0.100
0.100	0.100	0.700	0.100
>AATAGAACAA	4-AATAGAACAA	8.350283	-9.308526	0	T:46.0(8.06%),B:8.1(2.26%),P:1e-4	Tpos:123.6,Tstd:69.1,Bpos:165.7,Bstd:62.8,StrandBias:-0.2,Multiplicity:1.04
0.700	0.100	0.100	0.100
0.700	0.100	0.100	0.100
0.100	0.100	0.100	0.700
0.700	0.100	0.100	0.100
0.100	0.100	0.700	0.100
0.700	0.100	0.100	0.100
0.700	0.100	0.100	0.100
0.100	0.700	0.100	0.100
0.700	0.100	0.100	0.100
0.700	0.100	0.100	0.100
>AATCATATGT	5-AATCATATGT	8.350283	-8.400480	0	T:32.0(5.60%),B:4.4(1.23%),P:1e-3	Tpos:101.1,Tstd:51.0,Bpos:98.7,Bstd:64.5,StrandBias:0.5,Multiplicity:1.03
0.700	0.100	0.100	0.100
0.700	0.100	0.100	0.100
0.100	0.100	0.100	0.700
0.100	0.700	0.100	0.100
0.700	0.100	0.100	0.100
0.100	0.100	0.100	0.700
0.700	0.100	0.100	0.100
0.100	0.100	0.100	0.700
0.100	0.100	0.700	0.100
0.100	0.100	0.100	0.700
>TAKAAAAAAATT	1-TAKAAAAAAATT	11.804932	-40.015393	0	T:95.0(16.64%),B:3.6(1.01%),P:1e-17	Tpos:35.3,Tstd:47.8,Bpos:138.2,Bstd:69.8,StrandBias:-0.9,Multiplicity:1.14
0.001	0.027	0.001	0.971
0.971	0.001	0.001	0.027
0.027	0.001	0.549	0.423
0.916	0.001	0.001	0.082
0.685	0.090	0.001	0.224
0.988	0.001	0.001	0.010
0.971	0.001	0.001	0.027
0.913	0.027	0.059	0.001
0.960	0.038	0.001	0.001
0.596	0.055	0.001	0.348
0.001	0.031	0.027	0.941
0.001	0.001	0.001	0.997
>WTTTTTTAAAAT	2-WTTTTTTAAAAT	12.279675	-24.620976	0	T:90.0(15.76%),B:10.0(2.81%),P:1e-10	Tpos:38.1,Tstd:47.8,Bpos:97.8,Bstd:78.3,StrandBias:-0.1,Multiplicity:1.02
0.454	0.007	0.001	0.538
0.076	0.001	0.036	0.887
0.035	0.001	0.001	0.963
0.144	0.007	0.001	0.848
0.130	0.007	0.001	0.862
0.100	0.289	0.001	0.610
0.094	0.001	0.001	0.904
0.718	0.007	0.007	0.268
0.809	0.001	0.001	0.189
0.901	0.001	0.001	0.097
0.635	0.015	0.015	0.335
0.247	0.007	0.015	0.731
>TAAAATTTTAKW	3-TAAAATTTTAKW	11.366747	-23.478500	0	T:134.0(23.47%),B:27.7(7.76%),P:1e-10	Tpos:49.6,Tstd:56.1,Bpos:67.9,Bstd:59.8,StrandBias:-0.5,Multiplicity:1.07
0.051	0.001	0.001	0.947
0.973	0.001	0.001	0.025
0.898	0.001	0.001	0.100
0.949	0.025	0.025	0.001
0.812	0.001	0.051	0.136
0.246	0.001	0.001	0.752
0.025	0.001	0.025	0.949
0.099	0.025	0.001	0.875
0.001	0.001	0.001	0.997
0.922	0.001	0.001	0.076
0.065	0.052	0.375	0.508
0.405	0.077	0.077	0.441
>AWAATTTTTYTA	4-AWAATTTTTYTA	14.237120	-11.863533	0	T:37.0(6.48%),B:3.6(1.00%),P:1e-5	Tpos:37.5,Tstd:46.5,Bpos:16.0,Bstd:0.0,StrandBias:-0.1,Multiplicity:1.03
0.997	0.001	0.001	0.001
0.564	0.001	0.001	0.434
0.997	0.001	0.001	0.001
0.651	0.347	0.001	0.001
0.001	0.001	0.001	0.997
0.001	0.001	0.001	0.997
0.001	0.001	0.001	0.997
0.001	0.001	0.001	0.997
0.001	0.001	0.001	0.997
0.001	0.521	0.001	0.477
0.001	0.001	0.001	0.997
0.997	0.001	0.001	0.001
>AATAATTCATTA	5-AATAATTCATTA	10.409522	-10.413011	0	T:30.0(5.25%),B:2.6(0.74%),P:1e-4	Tpos:100.3,Tstd:79.2,Bpos:64.6,Bstd:53.9,StrandBias:0.3,Multiplicity:1.03
0.700	0.100	0.100	0.100
0.700	0.100	0.100	0.100
0.100	0.100	0.100	0.700
0.700	0.100	0.100	0.100
0.700	0.100	0.100	0.100
0.100	0.100	0.100	0.700
0.100	0.100	0.100	0.700
0.100	0.700	0.100	0.100
0.700	0.100	0.100	0.100
0.100	0.100	0.100	0.700
0.100	0.100	0.100	0.700
0.700	0.100	0.100	0.100
>TCTAGAAT	1-TCTAGAAT	7.319522	-20.704526	0	T:129.0(22.59%),B:28.8(8.05%),P:1e-8	Tpos:69.2,Tstd:72.0,Bpos:75.8,Bstd:68.6,StrandBias:0.1,Multiplicity:1.06
0.001	0.143	0.001	0.855
0.001	0.700	0.298	0.001
0.001	0.071	0.357	0.571
0.855	0.001	0.143	0.001
0.111	0.001	0.887	0.001
0.997	0.001	0.001	0.001
0.855	0.143	0.001	0.001
0.001	0.001	0.001	0.997
>ARAACARA	2-ARAACARA	8.423943	-13.839441	0	T:80.0(14.01%),B:16.0(4.49%),P:1e-6	Tpos:102.8,Tstd:63.7,Bpos:102.2,Bstd:59.7,StrandBias:-0.1,Multiplicity:1.09
0.978	0.001	0.001	0.020
0.437	0.001	0.561	0.001
0.997	0.001	0.001	0.001
0.997	0.001	0.001	0.001
0.001	0.993	0.005	0.001
0.997	0.001	0.001	0.001
0.497	0.001	0.501	0.001
0.720	0.001	0.020	0.259
>AACTTTTT	3-AACTTTTT	9.013597	-11.558541	0	T:358.0(62.70%),B:172.0(48.18%),P:1e-5	Tpos:55.6,Tstd:65.9,Bpos:78.2,Bstd:91.8,StrandBias:-0.1,Multiplicity:1.41
0.997	0.001	0.001	0.001
0.997	0.001	0.001	0.001
0.128	0.731	0.001	0.140
0.001	0.001	0.001	0.997
0.001	0.001	0.001	0.997
0.001	0.001	0.001	0.997
0.001	0.001	0.001	0.997
0.001	0.001	0.001	0.997
>TCATACAA	4-TCATACAA	7.584729	-10.705138	0	T:44.0(7.71%),B:6.3(1.76%),P:1e-4	Tpos:112.1,Tstd:62.4,Bpos:177.0,Bstd:56.4,StrandBias:-0.1,Multiplicity:1.14
0.001	0.133	0.089	0.777
0.001	0.734	0.001	0.264
0.798	0.001	0.200	0.001
0.001	0.001	0.200	0.798
0.910	0.088	0.001	0.001
0.001	0.997	0.001	0.001
0.798	0.200	0.001	0.001
0.997	0.001	0.001	0.001
>TTASGTAA	5-TTASGTAA	8.069587	-7.703736	0	T:36.0(6.30%),B:6.5(1.81%),P:1e-3	Tpos:103.6,Tstd:64.0,Bpos:120.5,Bstd:39.7,StrandBias:0.7,Multiplicity:1.03
0.001	0.001	0.001	0.997
0.126	0.001	0.031	0.842
0.787	0.001	0.040	0.172
0.040	0.445	0.514	0.001
0.001	0.001	0.997	0.001
0.001	0.001	0.001	0.997
0.997	0.001	0.001	0.001
0.663	0.335	0.001	0.001
