>CCTTTSTG	1-CCTTTSTG	6.635291	-9.151303	0	T:42.0(7.36%),B:19.6(2.81%),P:1e-3	Tpos:98.7,Tstd:56.3,Bpos:118.9,Bstd:60.4,StrandBias:-1.0,Multiplicity:1.07
0.273	0.725	0.001	0.001
0.001	0.842	0.001	0.156
0.001	0.001	0.065	0.933
0.001	0.001	0.001	0.997
0.345	0.001	0.001	0.653
0.001	0.402	0.453	0.144
0.209	0.001	0.001	0.789
0.187	0.080	0.732	0.001
>NTTGTTCD	2-NTTGTTCD	5.178320	-7.617388	0	T:21.0(3.68%),B:6.8(0.98%),P:1e-3	Tpos:103.5,Tstd:57.1,Bpos:98.1,Bstd:51.1,StrandBias:0.5,Multiplicity:1.05
0.254	0.223	0.220	0.303
0.142	0.120	0.076	0.662
0.208	0.126	0.089	0.577
0.170	0.198	0.463	0.170
0.160	0.084	0.112	0.644
0.169	0.101	0.093	0.637
0.252	0.408	0.178	0.162
0.237	0.190	0.213	0.360
>ACATTAGT	3-ACATTAGT	7.154336	-5.939185	0	T:15.0(2.63%),B:4.5(0.65%),P:1e-2	Tpos:121.0,Tstd:65.5,Bpos:159.3,Bstd:60.9,StrandBias:0.0,Multiplicity:1.07
0.997	0.001	0.001	0.001
0.001	0.997	0.001	0.001
0.997	0.001	0.001	0.001
0.001	0.001	0.001	0.997
0.001	0.141	0.001	0.857
0.857	0.001	0.141	0.001
0.001	0.001	0.997	0.001
0.001	0.001	0.001	0.997
>AGRTATAG	4-AGRTATAG	8.016186	-5.921036	0	T:31.0(5.43%),B:16.1(2.31%),P:1e-2	Tpos:125.9,Tstd:53.1,Bpos:118.2,Bstd:47.7,StrandBias:2.1,Multiplicity:1.03
0.997	0.001	0.001	0.001
0.001	0.001	0.997	0.001
0.447	0.164	0.389	0.001
0.001	0.001	0.001	0.997
0.997	0.001	0.001	0.001
0.121	0.001	0.001	0.877
0.997	0.001	0.001	0.001
0.001	0.001	0.997	0.001
>AASATTGA	5-AASATTGA	6.458748	-4.837659	0	T:124.0(21.72%),B:113.7(16.33%),P:1e-2	Tpos:126.2,Tstd:68.2,Bpos:136.6,Bstd:69.0,StrandBias:0.1,Multiplicity:1.26
0.818	0.065	0.116	0.001
0.823	0.001	0.118	0.058
0.123	0.296	0.387	0.194
0.748	0.066	0.085	0.101
0.076	0.064	0.049	0.811
0.190	0.066	0.001	0.743
0.114	0.195	0.462	0.229
0.702	0.077	0.079	0.142
